1			2079                1                   37464.00            482.00              36982.00            2008                9.14                2.41                4837.00             1928                
2			2079                2                   37347.00            456.00              36891.00            2008                9.14                2.45                4915.00             1973                
3			2079                1                   37944.00            498.00              37446.00            2008                9.14                2.55                5127.00             1927                
4			2079                2                   37690.00            485.00              37205.00            2008                9.14                2.46                4932.00             1930                
5			2079                2                   37934.00            457.00              37477.00            2008                9.14                2.40                4824.00             993                 
6			2079                1                   36588.00            458.00              36130.00            2008                9.14                2.32                4667.00             1927                
7			2079                2                   37463.00            482.00              36981.00            2008                9.14                2.52                5058.00             1928                
8			2079                1                   36731.00            458.00              36273.00            2008                9.14                2.42                4867.00             1927                
9			2079                2                   36739.00            462.00              36277.00            2008                9.14                2.46                4948.00             1929                
10			2079                2                   38211.00            471.00              37740.00            2008                9.14                2.43                4882.00             992                 
11			2079                2                   37846.00            454.00              37392.00            2008                9.14                2.42                4856.00             1928                
12			2079                1                   37090.00            452.00              36638.00            2008                9.14                2.41                4841.00             1928                
13			2079                1                   38042.00            463.00              37579.00            2008                9.14                2.37                4768.00             1927                
14			2079                1                   37829.00            468.00              37361.00            2008                9.14                2.37                4755.00             989                 
15			2079                1                   37847.00            457.00              37390.00            2008                9.14                2.45                4928.00             1927                
16			2079                2                   37356.00            469.00              36887.00            2008                9.14                2.54                5104.00             991                 
17			2079                2                   37748.00            455.00              37293.00            2008                9.14                2.53                5074.00             1929                
18			2079                2                   37256.00            465.00              36791.00            2008                9.14                2.52                5069.00             1929                
19			2079                1                   37499.00            461.00              37038.00            2008                9.14                2.44                4899.00             1928                
20			2079                1                   38011.00            468.00              37543.00            2008                9.14                2.35                4721.00             1927                
21			2079                1                   37712.00            458.00              37254.00            2008                9.14                2.36                4744.00             989                 
22			2079                1                   36518.00            465.00              36053.00            2008                9.14                2.40                4825.00             1927                
23			2079                1                   37560.00            456.00              37104.00            2008                9.14                2.39                4796.00             1928                
24			2079                1                   37150.00            460.00              36690.00            2008                9.14                2.47                4951.00             1928                
25			2079                2                   36995.00            465.00              36530.00            2008                9.14                2.43                4885.00             1928                
26			2079                2                   37345.00            464.00              36881.00            2008                9.14                2.40                4824.00             994                 
27			2079                1                   37232.00            465.00              36767.00            2008                9.14                2.43                4879.00             1927                
28			2079                2                   38154.00            518.00              37636.00            2008                9.14                2.45                4912.00             1953                
29			2079                2                   37204.00            512.00              36692.00            2008                9.14                2.51                5031.00             1955                
30			2079                1                   37840.00            503.00              37337.00            2008                9.14                2.47                4964.00             1927                
31			2079                2                   37725.00            462.00              37263.00            2008                9.14                2.55                5111.00             1930                
32			2079                1                   37527.00            456.00              37071.00            2008                9.14                2.42                4862.00             989                 
33			2079                2                   37681.00            468.00              37213.00            2008                9.14                2.38                4769.00             990                 
34			2079                2                   37651.00            461.00              37190.00            2008                9.14                2.45                4926.00             1974                
35			2079                1                   38201.00            509.00              37692.00            2008                9.14                2.38                4789.00             1928                
36			2079                2                   37596.00            463.00              37133.00            2008                9.14                2.40                4827.00             1953                
37			2079                2                   37213.00            499.00              36714.00            2008                9.14                2.43                4886.00             1972                
38			2079                2                   36990.00            453.00              36537.00            2008                9.14                2.44                4907.00             992                 
39			2079                2                   37831.00            458.00              37373.00            2008                9.14                2.54                5095.00             992                 
40			2079                2                   38894.00            470.00              38424.00            2008                9.14                2.53                5076.00             1075                
41			2079                2                   36762.00            466.00              36296.00            2008                9.14                2.41                4849.00             1929                
42			2079                2                   37859.00            462.00              37397.00            2008                9.14                2.51                5050.00             1928                
43			2079                2                   37368.00            507.00              36861.00            2008                9.14                2.43                4873.00             1948                
44			2079                1                   36936.00            499.00              36437.00            2008                9.14                2.39                4807.00             1927                
45			2079                1                   36687.00            459.00              36228.00            2008                9.14                2.39                4795.00             1927                
46			2079                2                   38457.00            459.00              37998.00            2008                9.14                2.51                5032.00             991                 
47			2079                1                   36444.00            464.00              35980.00            2008                9.14                2.41                4836.00             1927                
48			2079                1                   36785.00            458.00              36327.00            2008                9.14                2.44                4890.00             1928                
49			2079                1                   36575.00            471.00              36104.00            2008                9.14                2.48                4984.00             1927                
50			2079                1                   38058.00            472.00              37586.00            2008                9.14                2.40                4819.00             1927                
51			2079                2                   36819.00            458.00              36361.00            2008                9.14                2.44                4907.00             1930                
52			2079                2                   37848.00            471.00              37377.00            2008                9.14                2.37                4768.00             1928                
53			2079                2                   37385.00            460.00              36925.00            2008                9.14                2.40                4824.00             1953                
54			2079                2                   37331.00            460.00              36871.00            2008                9.14                2.45                4929.00             1927                
55			2079                1                   37058.00            461.00              36597.00            2008                9.14                2.42                4865.00             1928                
56			2079                1                   38472.00            472.00              38000.00            2008                9.14                2.45                4927.00             989                 
57			2079                2                   37613.00            473.00              37140.00            2008                9.14                2.42                4858.00             1931                
58			2079                2                   37120.00            460.00              36660.00            2008                9.14                2.38                4771.00             1927                
59			2079                1                   37442.00            468.00              36974.00            2008                9.14                2.41                4836.00             1928                
60			2079                2                   37629.00            460.00              37169.00            2008                9.14                2.56                5139.00             1952                
61			2079                1                   37662.00            467.00              37195.00            2008                9.14                2.45                4915.00             1927                
62			2079                2                   37170.00            460.00              36710.00            2008                9.14                2.43                4882.00             1929                
63			2079                2                   37754.00            457.00              37297.00            2008                9.14                2.45                4914.00             990                 
64			2079                1                   36788.00            470.00              36318.00            2008                9.14                2.39                4809.00             1927                
65			2079                1                   36793.00            461.00              36332.00            2008                9.14                2.41                4846.00             1928                
66			2079                1                   37180.00            476.00              36704.00            2008                9.14                2.45                4926.00             1928                
67			2079                2                   37305.00            469.00              36836.00            2008                9.14                2.52                5062.00             1930                
68			2079                1                   36788.00            461.00              36327.00            2008                9.14                2.44                4890.00             1927                
69			2079                1                   37304.00            452.00              36852.00            2008                9.14                2.46                4946.00             1927                
70			2079                1                   37657.00            458.00              37199.00            2008                9.14                2.37                4767.00             1928                
71			2079                2                   37225.00            469.00              36756.00            2008                9.14                2.50                5014.00             1974                
72			2079                2                   37932.00            465.00              37467.00            2008                9.14                2.50                5010.00             1929                
73			2079                2                   38261.00            464.00              37797.00            2008                9.14                2.45                4929.00             1929                
74			2079                2                   37523.00            474.00              37049.00            2008                9.14                2.43                4886.00             1972                
75			2079                1                   37251.00            463.00              36788.00            2008                9.14                2.39                4800.00             990                 
76			2079                1                   37794.00            507.00              37287.00            2008                9.14                2.50                5016.00             1927                
77			2079                2                   38970.00            469.00              38501.00            2008                9.14                2.41                4849.00             1928                
78			2079                1                   38350.00            461.00              37889.00            2008                9.14                2.48                4971.00             1928                
79			2079                1                   38060.00            469.00              37591.00            2008                9.14                2.45                4922.00             1927                
80			2079                1                   36986.00            465.00              36521.00            2008                9.14                2.39                4807.00             989                 
81			2079                1                   37623.00            462.00              37161.00            2008                9.14                2.51                5039.00             1927                
82			2079                2                   37333.00            502.00              36831.00            2008                9.14                2.61                5234.00             1931                
83			2079                2                   37428.00            463.00              36965.00            2008                9.14                2.45                4920.00             1931                
84			2079                2                   38416.00            468.00              37948.00            2008                9.14                2.52                5061.00             1929                
85			2079                1                   38164.00            459.00              37705.00            2008                9.14                2.41                4848.00             1928                
86			2079                2                   38288.00            466.00              37822.00            2008                9.14                2.42                4862.00             990                 
87			2079                1                   37712.00            461.00              37251.00            2008                9.14                2.53                5080.00             1927                
88			2079                1                   37241.00            463.00              36778.00            2008                9.14                2.42                4861.00             1927                
89			2079                1                   37724.00            462.00              37262.00            2008                9.14                2.41                4848.00             1927                
90			2079                1                   37384.00            485.00              36899.00            2008                9.14                2.41                4849.00             1927                
91			2079                2                   38472.00            468.00              38004.00            2008                9.14                2.47                4952.00             1953                
92			2079                2                   37696.00            476.00              37220.00            2008                9.14                2.52                5060.00             1929                
93			2079                2                   38785.00            461.00              38324.00            2008                9.14                2.51                5032.00             1034                
94			2079                2                   37830.00            462.00              37368.00            2008                9.14                2.47                4962.00             989                 
95			2079                2                   38566.00            459.00              38107.00            2008                9.14                2.47                4952.00             1930                
96			2079                1                   37517.00            458.00              37059.00            2008                9.14                2.40                4824.00             1928                
97			2079                2                   37577.00            473.00              37104.00            2008                9.14                2.46                4945.00             1928                
98			2079                1                   38424.00            471.00              37953.00            2008                9.14                2.47                4950.00             1928                
99			2079                2                   39637.00            473.00              39164.00            2008                9.14                2.52                5070.00             1931                
100			2079                1                   38789.00            460.00              38329.00            2008                9.14                2.43                4872.00             989                 
101			2079                1                   37928.00            462.00              37466.00            2008                9.14                2.48                4973.00             1927                
102			2079                2                   38152.00            499.00              37653.00            2008                9.14                2.51                5042.00             994                 
103			2079                1                   37888.00            456.00              37432.00            2008                9.14                2.43                4885.00             1928                
104			2079                1                   37990.00            469.00              37521.00            2008                9.14                2.51                5032.00             1927                
105			2079                2                   37568.00            483.00              37085.00            2008                9.14                2.42                4869.00             1928                
106			2079                1                   38265.00            457.00              37808.00            2008                9.14                2.42                4857.00             1927                
107			2079                2                   38115.00            475.00              37640.00            2008                9.14                2.47                4967.00             1930                
108			2079                1                   37627.00            475.00              37152.00            2008                9.14                2.45                4922.00             989                 
109			2079                2                   38251.00            456.00              37795.00            2008                9.14                2.51                5042.00             1954                
110			2079                2                   38598.00            463.00              38135.00            2008                9.14                2.47                4951.00             1952                
111			2079                1                   38244.00            467.00              37777.00            2008                9.14                2.50                5030.00             1927                
112			2079                1                   37741.00            486.00              37255.00            2008                9.14                2.49                5006.00             1927                
113			2079                1                   38281.00            465.00              37816.00            2008                9.14                2.44                4904.00             989                 
114			2079                2                   37890.00            461.00              37429.00            2008                9.14                2.47                4963.00             1927                
115			2079                2                   38280.00            472.00              37808.00            2008                9.14                2.50                5010.00             1954                
116			2079                2                   38444.00            477.00              37967.00            2008                9.14                2.45                4929.00             1951                
117			2079                2                   37816.00            461.00              37355.00            2008                9.14                2.51                5043.00             1928                
118			2079                2                   37457.00            504.00              36953.00            2008                9.14                2.50                5018.00             1927                
119			2079                2                   37734.00            459.00              37275.00            2008                9.14                2.42                4850.00             1953                
120			2079                2                   38406.00            506.00              37900.00            2008                9.14                2.45                4925.00             1930                
121			2079                2                   37790.00            482.00              37308.00            2008                9.14                2.50                5026.00             1929                
122			2079                2                   38293.00            470.00              37823.00            2008                9.14                2.51                5045.00             1929                
123			2079                1                   37520.00            463.00              37057.00            2008                9.14                2.43                4871.00             1928                
124			2079                2                   38575.00            499.00              38076.00            2008                9.14                2.54                5103.00             1927                
125			2079                1                   37365.00            452.00              36913.00            2008                9.14                2.44                4891.00             1928                
126			2079                1                   38463.00            497.00              37966.00            2008                9.14                2.53                5088.00             1927                
127			2079                2                   38537.00            468.00              38069.00            2008                9.14                2.45                4918.00             1927                
128			2079                2                   38557.00            460.00              38097.00            2008                9.14                2.59                5198.00             1928                
129			2079                2                   37611.00            478.00              37133.00            2008                9.14                2.43                4872.00             1952                
130			2079                2                   37943.00            468.00              37475.00            2008                9.14                2.47                4968.00             1973                
131			2079                1                   38143.00            471.00              37672.00            2008                9.14                2.50                5019.00             1927                
132			2079                1                   38022.00            464.00              37558.00            2008                9.14                2.48                4988.00             1927                
133			2079                2                   38355.00            455.00              37900.00            2008                9.14                2.52                5069.00             1953                
134			2079                2                   38732.00            462.00              38270.00            2008                9.14                2.48                4982.00             1933                
135			2079                1                   38053.00            473.00              37580.00            2008                9.14                2.49                5006.00             1928                
136			2079                2                   38089.00            460.00              37629.00            2008                9.14                2.51                5035.00             1973                
137			2079                1                   38018.00            465.00              37553.00            2008                9.14                2.44                4907.00             1928                
138			2079                2                   37589.00            479.00              37110.00            2008                9.14                2.40                4811.00             1927                
139			2079                2                   37644.00            469.00              37175.00            2008                9.14                2.49                4994.00             1973                
140			2079                2                   38055.00            462.00              37593.00            2008                9.14                2.43                4885.00             1928                
141			2079                2                   38349.00            469.00              37880.00            2008                9.14                2.48                4973.00             993                 
142			2079                1                   37739.00            461.00              37278.00            2008                9.14                2.38                4787.00             1927                
143			2079                1                   37246.00            472.00              36774.00            2008                9.14                2.41                4832.00             1928                
144			2079                1                   38606.00            461.00              38145.00            2008                9.14                2.49                4995.00             1927                
145			2079                1                   36801.00            457.00              36344.00            2008                9.14                2.49                4993.00             1927                
146			2079                2                   37726.00            462.00              37264.00            2008                9.14                2.41                4847.00             993                 
147			2079                2                   37167.00            476.00              36691.00            2008                9.14                2.43                4886.00             1929                
148			2079                1                   37610.00            466.00              37144.00            2008                9.14                2.36                4747.00             1927                
149			2079                1                   37107.00            460.00              36647.00            2008                9.14                2.40                4820.00             1927                
150			2079                1                   37377.00            461.00              36916.00            2008                9.14                2.40                4826.00             1927                
151			2079                1                   36833.00            459.00              36374.00            2008                9.14                2.40                4817.00             1928                
152			2079                2                   37471.00            470.00              37001.00            2008                9.14                2.41                4838.00             1952                
153			2079                2                   38165.00            460.00              37705.00            2008                9.14                2.42                4852.00             1929                
154			2079                1                   37876.00            475.00              37401.00            2008                9.14                2.45                4919.00             988                 
155			2079                2                   37676.00            466.00              37210.00            2008                9.14                2.47                4958.00             1929                
156			2079                1                   38199.00            459.00              37740.00            2008                9.14                2.39                4806.00             989                 
157			2079                1                   37222.00            457.00              36765.00            2008                9.14                2.36                4747.00             988                 
158			2079                1                   37348.00            461.00              36887.00            2008                9.14                2.43                4879.00             1928                
159			2079                2                   37353.00            463.00              36890.00            2008                9.14                2.41                4847.00             1929                
160			2079                1                   37589.00            467.00              37122.00            2008                9.14                2.50                5011.00             1927                
161			2079                1                   37385.00            501.00              36884.00            2008                9.14                2.38                4782.00             1927                
162			2079                2                   37824.00            459.00              37365.00            2008                9.14                2.44                4909.00             1952                
163			2079                1                   37818.00            460.00              37358.00            2008                9.14                2.45                4923.00             1928                
164			2079                1                   38340.00            461.00              37879.00            2008                9.14                2.46                4933.00             1927                
165			2079                2                   38413.00            460.00              37953.00            2008                9.14                2.53                5087.00             1930                
166			2079                1                   37650.00            458.00              37192.00            2008                9.14                2.44                4890.00             1928                
167			2079                1                   38038.00            463.00              37575.00            2008                9.14                2.47                4964.00             989                 
168			2079                2                   38017.00            459.00              37558.00            2008                9.14                2.50                5024.00             1931                
169			2079                2                   38550.00            466.00              38084.00            2008                9.14                2.42                4866.00             1927                
170			2079                1                   37850.00            524.00              37326.00            2008                9.14                2.49                5004.00             1927                
171			2079                1                   38430.00            457.00              37973.00            2008                9.14                2.45                4913.00             1927                
172			2079                1                   37290.00            466.00              36824.00            2008                9.14                2.43                4876.00             1927                
173			2079                1                   37077.00            478.00              36599.00            2008                9.14                2.45                4922.00             1928                
174			2079                2                   38335.00            462.00              37873.00            2008                9.14                2.45                4921.00             993                 
175			2079                1                   37350.00            457.00              36893.00            2008                9.14                2.47                4957.00             1927                
176			2079                2                   37574.00            459.00              37115.00            2008                9.14                2.51                5050.00             1929                
177			2079                1                   37473.00            460.00              37013.00            2008                9.14                2.44                4902.00             1927                
178			2079                1                   37671.00            472.00              37199.00            2008                9.14                2.48                4976.00             1927                
179			2079                2                   38741.00            508.00              38233.00            2008                9.14                2.44                4907.00             1928                
180			2079                2                   38092.00            460.00              37632.00            2008                9.14                2.40                4829.00             1928                
181			2079                2                   37531.00            514.00              37017.00            2008                9.14                2.52                5059.00             1927                
182			2079                2                   37748.00            509.00              37239.00            2008                9.14                2.46                4939.00             1930                
183			2079                2                   37510.00            475.00              37035.00            2008                9.14                2.46                4945.00             1929                
184			2079                1                   38083.00            459.00              37624.00            2008                9.14                2.44                4903.00             1927                
185			2079                1                   37026.00            508.00              36518.00            2008                9.14                2.44                4898.00             1927                
186			2079                1                   37151.00            482.00              36669.00            2008                9.14                2.45                4918.00             1927                
187			2079                2                   38402.00            460.00              37942.00            2008                9.14                2.46                4939.00             1955                
188			2079                1                   37437.00            462.00              36975.00            2008                9.14                2.39                4807.00             1928                
189			2079                1                   37252.00            464.00              36788.00            2008                9.14                2.43                4879.00             1928                
190			2079                1                   37554.00            455.00              37099.00            2008                9.14                2.35                4716.00             1927                
191			2079                2                   37312.00            485.00              36827.00            2008                9.14                2.54                5095.00             1974                
192			2079                1                   39510.00            458.00              39052.00            2008                9.14                2.47                4963.00             1928                
193			2079                2                   38157.00            519.00              37638.00            2008                9.14                2.47                4951.00             1076                
194			2079                1                   37998.00            467.00              37531.00            2008                9.14                2.50                5026.00             988                 
195			2079                2                   37412.00            492.00              36920.00            2008                9.14                2.47                4951.00             1931                
196			2079                2                   37580.00            473.00              37107.00            2008                9.14                2.51                5032.00             1927                
197			2079                2                   37587.00            469.00              37118.00            2008                9.14                2.43                4889.00             1952                
198			2079                1                   37139.00            461.00              36678.00            2008                9.14                2.49                5002.00             1927                
199			2079                2                   37637.00            457.00              37180.00            2008                9.14                2.41                4841.00             991                 
200			2079                2                   36925.00            455.00              36470.00            2008                9.14                2.43                4883.00             1972                
201			2079                2                   37827.00            457.00              37370.00            2008                9.14                2.52                5070.00             1971                
202			2079                1                   37068.00            537.00              36531.00            2008                9.14                2.49                4993.00             1927                
203			2079                2                   37557.00            463.00              37094.00            2008                9.14                2.47                4967.00             1931                
204			2079                2                   37741.00            489.00              37252.00            2008                9.14                2.43                4888.00             1930                
205			2079                2                   37302.00            452.00              36850.00            2008                9.14                2.42                4867.00             994                 
206			2079                2                   38337.00            472.00              37865.00            2008                9.14                2.47                4951.00             992                 
207			2079                1                   37169.00            455.00              36714.00            2008                9.14                2.50                5015.00             1928                
208			2079                2                   37525.00            462.00              37063.00            2008                9.14                2.40                4817.00             991                 
209			2079                1                   37297.00            465.00              36832.00            2008                9.14                2.48                4973.00             1927                
210			2079                2                   38054.00            460.00              37594.00            2008                9.14                2.45                4923.00             1972                
211			2079                1                   37213.00            462.00              36751.00            2008                9.14                2.45                4926.00             1928                
212			2079                1                   37328.00            461.00              36867.00            2008                9.14                2.45                4918.00             1928                
213			2079                2                   37318.00            461.00              36857.00            2008                9.14                2.45                4918.00             1974                
214			2079                1                   37677.00            465.00              37212.00            2008                9.14                2.48                4975.00             1927                
215			2079                1                   37753.00            459.00              37294.00            2008                9.14                2.41                4835.00             1927                
216			2079                1                   37704.00            472.00              37232.00            2008                9.14                2.42                4858.00             1927                
217			2079                2                   37636.00            458.00              37178.00            2008                9.14                2.45                4921.00             1927                
218			2079                1                   38678.00            463.00              38215.00            2008                9.14                2.49                5004.00             1927                
219			2079                2                   37287.00            454.00              36833.00            2008                9.14                2.46                4932.00             1973                
220			2079                2                   37417.00            476.00              36941.00            2008                9.14                2.44                4905.00             992                 
221			2079                2                   37599.00            456.00              37143.00            2008                9.14                2.44                4892.00             1932                
222			2079                2                   37408.00            463.00              36945.00            2008                9.14                2.42                4851.00             1932                
223			2079                2                   38365.00            457.00              37908.00            2008                9.14                2.64                5298.00             1931                
224			2079                1                   37232.00            461.00              36771.00            2008                9.14                2.43                4887.00             1927                
225			2079                2                   38080.00            480.00              37600.00            2008                9.14                2.53                5086.00             1929                
226			2079                1                   37575.00            461.00              37114.00            2008                9.14                2.52                5062.00             1927                
227			2079                2                   36997.00            455.00              36542.00            2008                9.14                2.44                4905.00             1929                
228			2079                2                   37880.00            463.00              37417.00            2008                9.14                2.49                5003.00             1930                
229			2079                1                   37885.00            463.00              37422.00            2008                9.14                2.44                4898.00             1928                
230			2079                1                   37288.00            475.00              36813.00            2008                9.14                2.40                4811.00             989                 
231			2079                2                   38361.00            464.00              37897.00            2008                9.14                2.49                5001.00             1931                
232			2079                1                   38550.00            461.00              38089.00            2008                9.14                2.48                4970.00             1928                
233			2079                1                   37548.00            512.00              37036.00            2008                9.14                2.40                4822.00             1927                
234			2079                2                   37366.00            460.00              36906.00            2008                9.14                2.42                4856.00             1953                
235			2079                1                   37519.00            489.00              37030.00            2008                9.14                2.46                4932.00             1928                
236			2079                2                   38335.00            465.00              37870.00            2008                9.14                2.47                4969.00             1929                
237			2079                2                   37818.00            462.00              37356.00            2008                9.14                2.47                4956.00             1954                
238			2079                1                   37976.00            460.00              37516.00            2008                9.14                2.41                4839.00             1927                
239			2079                2                   38326.00            503.00              37823.00            2008                9.14                2.49                5006.00             995                 
240			2079                1                   37131.00            461.00              36670.00            2008                9.14                2.35                4721.00             989                 
241			2079                2                   37444.00            456.00              36988.00            2008                9.14                2.42                4854.00             1931                
242			2079                1                   37084.00            461.00              36623.00            2008                9.14                2.40                4827.00             1927                
243			2079                2                   38222.00            502.00              37720.00            2008                9.14                2.52                5063.00             1974                
244			2079                2                   37711.00            559.00              37152.00            2008                9.14                2.44                4901.00             1929                
245			2079                1                   38013.00            465.00              37548.00            2008                9.14                2.44                4894.00             1928                
246			2079                2                   37469.00            454.00              37015.00            2008                9.14                2.43                4887.00             1931                
247			2079                1                   36958.00            456.00              36502.00            2008                9.14                2.40                4826.00             1927                
248			2079                1                   37240.00            472.00              36768.00            2008                9.14                2.44                4906.00             1927                
249			2079                1                   37299.00            470.00              36829.00            2008                9.14                2.44                4891.00             1928                
250			2079                1                   38032.00            464.00              37568.00            2008                9.14                2.50                5028.00             1927                
251			2079                2                   37211.00            457.00              36754.00            2008                9.14                2.45                4912.00             1952                
252			2079                1                   37712.00            463.00              37249.00            2008                9.14                2.49                4996.00             1927                
253			2079                1                   38625.00            459.00              38166.00            2008                9.14                2.50                5013.00             1928                
254			2079                2                   37589.00            473.00              37116.00            2008                9.14                2.46                4937.00             1076                
255			2079                2                   37576.00            524.00              37052.00            2008                9.14                2.44                4903.00             1928                
256			2079                2                   37120.00            463.00              36657.00            2008                9.14                2.43                4871.00             1973                
257			2079                1                   37945.00            470.00              37475.00            2008                9.14                2.43                4878.00             1928                
258			2079                2                   37948.00            456.00              37492.00            2008                9.14                2.54                5095.00             1927                
259			2079                1                   37324.00            451.00              36873.00            2008                9.14                2.44                4895.00             1927                
260			2079                1                   37372.00            457.00              36915.00            2008                9.14                2.47                4968.00             1927                
261			2079                2                   38467.00            461.00              38006.00            2008                9.14                2.51                5036.00             1929                
262			2079                1                   38647.00            460.00              38187.00            2008                9.14                2.50                5017.00             988                 
263			2079                1                   37779.00            502.00              37277.00            2008                9.14                2.44                4901.00             1927                
264			2079                2                   37479.00            462.00              37017.00            2008                9.14                2.51                5041.00             1929                
265			2079                1                   38035.00            457.00              37578.00            2008                9.14                2.39                4806.00             1927                
266			2079                1                   37307.00            458.00              36849.00            2008                9.14                2.49                4994.00             1927                
267			2079                1                   37128.00            509.00              36619.00            2008                9.14                2.42                4865.00             1927                
268			2079                2                   37464.00            501.00              36963.00            2008                9.14                2.56                5139.00             1953                
269			2079                2                   37375.00            459.00              36916.00            2008                9.14                2.46                4931.00             1930                
270			2079                1                   37344.00            460.00              36884.00            2008                9.14                2.46                4932.00             1928                
271			2079                1                   37577.00            490.00              37087.00            2008                9.14                2.47                4956.00             1928                
272			2079                2                   38240.00            457.00              37783.00            2008                9.14                2.48                4973.00             1973                
273			2079                2                   37795.00            483.00              37312.00            2008                9.14                2.42                4851.00             1927                
274			2079                1                   37947.00            490.00              37457.00            2008                9.14                2.50                5021.00             1927                
275			2079                1                   37503.00            465.00              37038.00            2008                9.14                2.46                4948.00             1927                
276			2079                2                   37618.00            457.00              37161.00            2008                9.14                2.48                4981.00             1929                
277			2079                1                   36935.00            471.00              36464.00            2008                9.14                2.46                4939.00             1927                
278			2079                2                   38220.00            491.00              37729.00            2008                9.14                2.62                5268.00             1929                
279			2079                2                   37350.00            468.00              36882.00            2008                9.14                2.50                5010.00             1927                
280			2079                2                   37384.00            469.00              36915.00            2008                9.14                2.52                5065.00             1955                
281			2079                2                   37997.00            517.00              37480.00            2008                9.14                2.47                4965.00             1074                
282			2079                2                   37580.00            466.00              37114.00            2008                9.14                2.47                4969.00             1930                
283			2079                2                   37961.00            458.00              37503.00            2008                9.14                2.53                5087.00             1929                
284			2079                1                   37796.00            462.00              37334.00            2008                9.14                2.43                4874.00             1927                
285			2079                1                   37506.00            451.00              37055.00            2008                9.14                2.45                4926.00             1927                
286			2079                2                   38297.00            467.00              37830.00            2008                9.14                2.50                5025.00             1930                
287			2079                1                   37865.00            457.00              37408.00            2008                9.14                2.44                4909.00             1927                
288			2079                1                   37781.00            503.00              37278.00            2008                9.14                2.48                4971.00             1927                
289			2079                1                   37102.00            459.00              36643.00            2008                9.14                2.39                4809.00             1928                
290			2079                2                   37795.00            479.00              37316.00            2008                9.14                2.47                4965.00             1972                
291			2079                1                   37978.00            521.00              37457.00            2008                9.14                2.42                4853.00             1927                
292			2079                1                   36999.00            494.00              36505.00            2008                9.14                2.41                4838.00             1928                
293			2079                2                   38248.00            465.00              37783.00            2008                9.14                2.47                4962.00             1931                
294			2079                2                   37767.00            460.00              37307.00            2008                9.14                2.46                4945.00             1971                
295			2079                2                   38270.00            510.00              37760.00            2008                9.14                2.49                4999.00             1952                
296			2079                1                   37665.00            468.00              37197.00            2008                9.14                2.45                4928.00             1927                
297			2079                2                   38015.00            479.00              37536.00            2008                9.14                2.47                4958.00             1974                
298			2079                1                   38512.00            464.00              38048.00            2008                9.14                2.47                4960.00             1928                
299			2079                1                   38092.00            455.00              37637.00            2008                9.14                2.43                4885.00             1928                
300			2079                1                   37952.00            462.00              37490.00            2008                9.14                2.42                4860.00             1928                
301			2079                2                   37402.00            505.00              36897.00            2008                9.14                2.45                4910.00             1973                
302			2079                2                   38045.00            458.00              37587.00            2008                9.14                2.54                5101.00             1929                
303			2079                1                   37716.00            463.00              37253.00            2008                9.14                2.45                4928.00             1927                
304			2079                2                   36598.00            454.00              36144.00            2008                9.14                2.40                4813.00             991                 
305			2079                1                   35117.00            453.00              34664.00            2008                9.14                2.22                4456.00             1928                
306			2079                2                   35402.00            449.00              34953.00            2008                9.14                2.22                4452.00             1931                
307			2079                2                   34319.00            451.00              33868.00            2008                9.14                2.34                4694.00             1929                
308			2079                2                   34695.00            448.00              34247.00            2008                9.14                2.25                4516.00             1930                
309			2079                2                   34381.00            467.00              33914.00            2008                9.14                2.30                4615.00             1927                
310			2079                2                   35378.00            458.00              34920.00            2008                9.14                2.38                4776.00             994                 
311			2079                2                   34318.00            447.00              33871.00            2008                9.14                2.25                4521.00             1927                
312			2079                2                   34649.00            450.00              34199.00            2008                9.14                2.24                4504.00             1953                
313			2079                2                   34391.00            453.00              33938.00            2008                9.14                2.23                4484.00             1928                
314			2079                2                   34618.00            444.00              34174.00            2008                9.14                2.24                4505.00             1928                
315			2079                1                   35976.00            449.00              35527.00            2008                9.14                2.23                4468.00             988                 
316			2079                2                   34217.00            442.00              33775.00            2008                9.14                2.23                4485.00             1928                
317			2079                1                   34463.00            453.00              34010.00            2008                9.14                2.17                4362.00             1928                
318			2079                2                   34316.00            457.00              33859.00            2008                9.14                2.31                4637.00             1930                
319			2079                2                   34751.00            453.00              34298.00            2008                9.14                2.30                4616.00             1928                
320			2079                1                   34988.00            458.00              34530.00            2008                9.14                2.22                4457.00             988                 
321			2079                2                   36239.00            470.00              35769.00            2008                9.14                2.40                4819.00             1930                
322			2079                2                   36510.00            454.00              36056.00            2008                9.14                2.29                4601.00             1928                
323			2079                1                   35454.00            461.00              34993.00            2008                9.14                2.33                4673.00             1927                
324			2079                1                   34967.00            465.00              34502.00            2008                9.14                2.28                4570.00             989                 
325			2079                1                   36807.00            450.00              36357.00            2008                9.14                2.39                4805.00             1927                
326			2079                2                   36486.00            473.00              36013.00            2008                9.14                2.44                4896.00             1930                
327			2079                1                   36574.00            496.00              36078.00            2008                9.14                2.30                4620.00             989                 
328			2079                1                   35191.00            446.00              34745.00            2008                9.14                2.31                4635.00             1927                
329			2079                2                   35506.00            468.00              35038.00            2008                9.14                2.42                4855.00             1929                
330			2079                2                   37295.00            447.00              36848.00            2008                9.14                2.30                4609.00             989                 
331			2079                2                   35739.00            448.00              35291.00            2008                9.14                2.30                4624.00             990                 
332			2079                2                   35142.00            466.00              34676.00            2008                9.14                2.29                4606.00             1927                
