1			636                 1                   224.00              216.00              8.00                9                   2.33                7.11                64.00               12                  
2			636                 1                   201.00              192.00              9.00                5                   0.60                10.40               52.00               12                  
3			636                 1                   217.00              198.00              19.00               8                   1.00                6.88                55.00               12                  
4			636                 1                   390.00              262.00              128.00              32                  3.75                4.22                135.00              12                  
5			636                 1                   206.00              196.00              10.00               5                   0.60                10.00               50.00               12                  
6			636                 1                   216.00              201.00              15.00               8                   1.00                7.13                57.00               12                  
7			636                 1                   348.00              261.00              87.00               34                  6.15                3.29                112.00              12                  
8			636                 1                   262.00              252.00              10.00               12                  3.75                6.08                73.00               12                  
9			636                 1                   235.00              226.00              9.00                11                  3.27                5.91                65.00               12                  
10			636                 1                   228.00              214.00              14.00               8                   1.00                7.38                59.00               12                  
11			636                 1                   221.00              210.00              11.00               5                   0.60                11.20               56.00               12                  
12			636                 1                   360.00              263.00              97.00               29                  3.41                3.48                101.00              12                  
13			636                 1                   206.00              196.00              10.00               5                   0.60                9.60                48.00               12                  
14			636                 1                   444.00              329.00              115.00              36                  5.11                4.06                146.00              12                  
15			636                 1                   229.00              219.00              10.00               6                   1.00                9.50                57.00               12                  
16			636                 1                   286.00              241.00              45.00               21                  2.67                4.10                86.00               12                  
17			636                 1                   276.00              251.00              25.00               16                  3.13                5.50                88.00               12                  
18			636                 7                   12955.00            440.00              12515.00            582                 8.28                4.80                2794.00             474                 
19			636                 1                   303.00              248.00              55.00               23                  3.26                3.61                83.00               12                  
20			636                 1                   198.00              190.00              8.00                5                   0.60                10.80               54.00               12                  
21			636                 1                   203.00              195.00              8.00                6                   1.00                8.83                53.00               12                  
22			636                 1                   250.00              222.00              28.00               14                  2.36                5.07                71.00               12                  
23			636                 1                   224.00              210.00              14.00               9                   1.33                6.11                55.00               12                  
24			636                 1                   208.00              201.00              7.00                8                   1.88                6.38                51.00               12                  
25			-1                  -1                  -1                  -1                  -1                  -1                  -1                  -1                  -1                  -1                  
26			636                 1                   219.00              209.00              10.00               5                   0.60                11.40               57.00               12                  
27			636                 1                   267.00              229.00              38.00               17                  2.06                4.24                72.00               12                  
28			636                 1                   204.00              194.00              10.00               5                   0.60                10.20               51.00               12                  
29			636                 1                   226.00              204.00              22.00               11                  1.36                5.18                57.00               12                  
30			-1                  -1                  -1                  -1                  -1                  -1                  -1                  -1                  -1                  -1                  
31			636                 1                   318.00              243.00              75.00               27                  3.33                3.52                95.00               12                  
32			636                 1                   312.00              236.00              76.00               26                  3.58                3.46                90.00               12                  
33			636                 1                   251.00              227.00              24.00               12                  1.67                5.58                67.00               12                  
34			636                 1                   328.00              270.00              58.00               23                  4.04                4.48                103.00              12                  
35			636                 6                   12775.00            469.00              12306.00            589                 8.28                4.70                2770.00             476                 
36			636                 1                   223.00              212.00              11.00               5                   0.60                11.20               56.00               12                  
37			636                 1                   232.00              223.00              9.00                8                   1.88                6.75                54.00               12                  
38			636                 3                   13947.00            482.00              13465.00            581                 8.29                5.92                3439.00             507                 
39			636                 1                   197.00              189.00              8.00                5                   0.60                10.40               52.00               12                  
40			636                 1                   204.00              197.00              7.00                6                   1.00                8.67                52.00               12                  
41			636                 1                   259.00              234.00              25.00               17                  3.53                4.59                78.00               12                  
42			-1                  -1                  -1                  -1                  -1                  -1                  -1                  -1                  -1                  -1                  
43			636                 1                   304.00              234.00              70.00               23                  2.74                3.70                85.00               12                  
44			636                 6                   12850.00            436.00              12414.00            584                 8.27                4.71                2749.00             465                 
45			636                 1                   212.00              197.00              15.00               9                   1.33                6.44                58.00               12                  
46			636                 1                   244.00              214.00              30.00               13                  2.00                5.23                68.00               12                  
47			636                 1                   656.00              506.00              150.00              49                  11.67               5.55                272.00              23                  
48			636                 1                   215.00              204.00              11.00               5                   0.60                10.00               50.00               12                  
49			636                 1                   244.00              207.00              37.00               17                  2.06                4.18                71.00               12                  
50			636                 1                   242.00              232.00              10.00               10                  2.80                6.60                66.00               12                  
51			636                 1                   264.00              230.00              34.00               14                  2.36                5.79                81.00               12                  
52			636                 7                   12750.00            433.00              12317.00            582                 8.28                4.66                2715.00             479                 
53			636                 1                   220.00              207.00              13.00               10                  1.70                5.90                59.00               12                  
54			636                 1                   222.00              215.00              7.00                6                   1.00                10.33               62.00               12                  
55			636                 1                   196.00              188.00              8.00                5                   0.60                10.20               51.00               12                  
56			636                 1                   253.00              242.00              11.00               14                  4.71                5.29                74.00               12                  
57			636                 1                   282.00              246.00              36.00               20                  3.75                4.30                86.00               12                  
58			636                 3                   13730.00            438.00              13292.00            581                 8.29                5.79                3365.00             507                 
59			636                 1                   199.00              189.00              10.00               5                   0.60                9.80                49.00               12                  
60			636                 1                   227.00              219.00              8.00                9                   2.33                6.56                59.00               12                  
61			636                 1                   272.00              230.00              42.00               16                  2.31                5.50                88.00               12                  
62			636                 1                   398.00              368.00              30.00               26                  8.50                5.65                147.00              12                  
63			636                 1                   198.00              190.00              8.00                5                   0.60                10.80               54.00               12                  
64			636                 1                   268.00              226.00              42.00               18                  3.00                4.22                76.00               12                  
65			636                 1                   209.00              196.00              13.00               8                   1.00                7.13                57.00               12                  
66			636                 1                   279.00              256.00              23.00               22                  5.14                3.86                85.00               12                  
67			636                 1                   253.00              219.00              34.00               16                  2.31                4.69                75.00               12                  
68			636                 1                   262.00              239.00              23.00               15                  2.73                4.87                73.00               12                  
69			636                 1                   220.00              207.00              13.00               10                  1.70                5.70                57.00               12                  
70			636                 1                   245.00              208.00              37.00               20                  2.40                3.35                67.00               12                  
71			636                 1                   393.00              286.00              107.00              38                  6.00                3.58                136.00              12                  
72			636                 1                   272.00              246.00              26.00               14                  1.71                4.29                60.00               12                  
73			636                 1                   267.00              248.00              19.00               17                  4.76                5.00                85.00               12                  
74			636                 1                   207.00              192.00              15.00               5                   0.60                11.20               56.00               12                  
75			636                 1                   232.00              218.00              14.00               12                  2.50                5.33                64.00               12                  
76			636                 1                   203.00              191.00              12.00               8                   1.00                6.88                55.00               12                  
77			636                 1                   291.00              237.00              54.00               21                  2.67                3.90                82.00               12                  
78			636                 1                   300.00              276.00              24.00               20                  6.45                4.40                88.00               12                  
79			636                 1                   285.00              245.00              40.00               17                  2.65                4.82                82.00               12                  
80			636                 1                   249.00              226.00              23.00               16                  3.13                4.63                74.00               12                  
81			636                 1                   255.00              239.00              16.00               14                  3.36                5.57                78.00               12                  
82			636                 1                   270.00              223.00              47.00               14                  1.71                5.29                74.00               12                  
83			636                 1                   207.00              199.00              8.00                6                   1.00                8.67                52.00               12                  
84			636                 1                   202.00              192.00              10.00               5                   0.60                10.60               53.00               12                  
85			636                 1                   216.00              204.00              12.00               8                   1.00                6.88                55.00               12                  
86			636                 1                   232.00              209.00              23.00               12                  1.67                5.25                63.00               12                  
87			636                 1                   242.00              211.00              31.00               14                  1.71                4.64                65.00               12                  
88			636                 1                   216.00              204.00              12.00               9                   1.33                6.00                54.00               12                  
89			636                 1                   903.00              706.00              197.00              75                  15.95               5.44                408.00              43                  
90			636                 1                   220.00              200.00              20.00               11                  1.36                5.18                57.00               12                  
91			636                 1                   544.00              372.00              172.00              40                  8.93                5.68                227.00              22                  
92			636                 1                   213.00              203.00              10.00               5                   0.60                10.40               52.00               12                  
93			636                 1                   220.00              204.00              16.00               9                   1.33                6.33                57.00               12                  
94			636                 1                   205.00              194.00              11.00               5                   0.60                10.20               51.00               12                  
95			636                 1                   198.00              188.00              10.00               5                   0.60                10.00               50.00               12                  
96			636                 1                   220.00              209.00              11.00               5                   0.60                10.20               51.00               12                  
97			636                 1                   271.00              225.00              46.00               21                  2.67                3.76                79.00               12                  
98			636                 1                   355.00              266.00              89.00               26                  3.58                4.38                114.00              12                  
99			636                 1                   348.00              284.00              64.00               27                  3.93                3.96                107.00              12                  
100			636                 1                   208.00              199.00              9.00                5                   0.60                10.80               54.00               12                  
101			636                 1                   251.00              207.00              44.00               20                  2.40                3.40                68.00               12                  
102			636                 1                   228.00              219.00              9.00                8                   1.88                7.63                61.00               12                  
103			636                 1                   319.00              237.00              82.00               24                  3.00                4.42                106.00              12                  
104			636                 1                   206.00              198.00              8.00                6                   1.00                8.50                51.00               12                  
105			636                 1                   272.00              228.00              44.00               16                  2.31                4.69                75.00               12                  
106			636                 1                   207.00              196.00              11.00               5                   0.60                10.60               53.00               12                  
107			636                 3                   12659.00            443.00              12216.00            584                 8.27                4.57                2671.00             459                 
108			636                 1                   283.00              259.00              24.00               15                  2.73                5.47                82.00               12                  
109			636                 1                   249.00              222.00              27.00               14                  1.71                4.50                63.00               12                  
110			636                 1                   301.00              220.00              81.00               21                  2.67                4.29                90.00               12                  
111			636                 1                   222.00              206.00              16.00               9                   1.33                6.22                56.00               12                  
112			636                 5                   12328.00            445.00              11883.00            587                 8.27                4.52                2651.00             470                 
113			636                 1                   205.00              198.00              7.00                6                   1.00                8.83                53.00               12                  
114			-1                  -1                  -1                  -1                  -1                  -1                  -1                  -1                  -1                  -1                  
115			636                 1                   290.00              233.00              57.00               20                  2.40                4.10                82.00               12                  
116			-1                  -1                  -1                  -1                  -1                  -1                  -1                  -1                  -1                  -1                  
117			636                 1                   307.00              248.00              59.00               24                  3.58                3.96                95.00               12                  
118			636                 1                   224.00              206.00              18.00               8                   1.00                7.50                60.00               12                  
119			636                 1                   200.00              192.00              8.00                7                   1.43                7.43                52.00               12                  
120			636                 1                   269.00              216.00              53.00               20                  2.40                4.05                81.00               12                  
121			636                 3                   13470.00            432.00              13038.00            581                 8.29                5.70                3309.00             538                 
122			636                 1                   219.00              206.00              13.00               10                  1.70                5.60                56.00               12                  
123			636                 1                   347.00              317.00              30.00               26                  9.69                4.15                108.00              12                  
124			636                 1                   247.00              218.00              29.00               11                  1.36                5.82                64.00               12                  
125			636                 1                   211.00              199.00              12.00               8                   1.00                6.75                54.00               12                  
126			636                 1                   209.00              200.00              9.00                7                   1.43                7.43                52.00               12                  
127			636                 1                   214.00              205.00              9.00                5                   0.60                10.80               54.00               12                  
128			636                 1                   264.00              246.00              18.00               14                  3.36                5.14                72.00               12                  
129			636                 1                   365.00              325.00              40.00               22                  5.14                5.41                119.00              12                  
130			636                 1                   196.00              187.00              9.00                5                   0.60                10.00               50.00               12                  
131			636                 1                   193.00              187.00              6.00                6                   1.00                8.17                49.00               12                  
132			636                 1                   325.00              254.00              71.00               26                  3.58                3.65                95.00               12                  
133			636                 7                   12691.00            440.00              12251.00            582                 8.28                4.65                2707.00             469                 
134			636                 1                   213.00              206.00              7.00                7                   1.43                7.71                54.00               12                  
135			636                 1                   258.00              227.00              31.00               13                  2.00                5.54                72.00               12                  
136			636                 1                   205.00              191.00              14.00               8                   1.00                6.63                53.00               12                  
137			636                 3                   13458.00            431.00              13027.00            591                 12.23               5.42                3202.00             538                 
138			636                 1                   242.00              210.00              32.00               14                  1.71                5.00                70.00               12                  
139			636                 1                   380.00              268.00              112.00              33                  4.03                3.48                115.00              12                  
140			636                 3                   13803.00            459.00              13344.00            581                 8.29                5.92                3439.00             503                 
141			636                 1                   201.00              193.00              8.00                5                   0.60                10.20               51.00               12                  
142			636                 1                   237.00              213.00              24.00               14                  2.36                5.00                70.00               12                  
143			636                 1                   221.00              200.00              21.00               11                  1.36                4.91                54.00               12                  
144			636                 1                   265.00              217.00              48.00               20                  2.40                3.65                73.00               12                  
145			636                 1                   260.00              237.00              23.00               15                  2.73                5.00                75.00               12                  
146			636                 1                   225.00              211.00              14.00               9                   1.33                6.22                56.00               12                  
147			636                 1                   233.00              215.00              18.00               11                  1.36                5.36                59.00               12                  
148			636                 1                   205.00              193.00              12.00               8                   1.00                6.38                51.00               12                  
149			636                 1                   228.00              205.00              23.00               12                  1.67                5.08                61.00               12                  
150			636                 1                   217.00              199.00              18.00               11                  1.36                5.09                56.00               12                  
151			636                 1                   253.00              216.00              37.00               14                  1.71                4.93                69.00               12                  
152			636                 1                   222.00              207.00              15.00               8                   1.00                7.38                59.00               12                  
153			636                 1                   269.00              234.00              35.00               16                  2.31                4.94                79.00               12                  
154			636                 3                   13801.00            453.00              13348.00            581                 8.29                5.80                3371.00             537                 
155			636                 1                   207.00              198.00              9.00                6                   1.00                9.00                54.00               12                  
156			636                 1                   195.00              185.00              10.00               5                   0.60                10.00               50.00               12                  
157			636                 1                   245.00              223.00              22.00               13                  2.00                5.00                65.00               12                  
158			636                 1                   513.00              395.00              118.00              35                  8.23                5.11                179.00              22                  
159			636                 1                   204.00              194.00              10.00               5                   0.60                10.40               52.00               12                  
160			636                 1                   212.00              203.00              9.00                8                   1.88                6.75                54.00               12                  
161			636                 1                   270.00              236.00              34.00               18                  3.00                4.61                83.00               12                  
162			636                 1                   237.00              229.00              8.00                9                   2.33                7.78                70.00               12                  
163			636                 1                   203.00              192.00              11.00               5                   0.60                10.20               51.00               12                  
164			636                 1                   203.00              195.00              8.00                7                   1.43                7.29                51.00               12                  
165			636                 3                   13638.00            432.00              13206.00            582                 8.28                5.75                3345.00             528                 
166			636                 1                   245.00              219.00              26.00               17                  2.65                4.06                69.00               12                  
167			636                 1                   263.00              218.00              45.00               18                  2.33                4.83                87.00               12                  
168			636                 1                   247.00              231.00              16.00               12                  2.50                5.67                68.00               12                  
169			636                 1                   207.00              200.00              7.00                6                   1.00                8.67                52.00               12                  
170			636                 1                   268.00              223.00              45.00               23                  2.74                3.13                72.00               12                  
171			636                 1                   217.00              197.00              20.00               11                  1.36                5.27                58.00               12                  
172			636                 1                   218.00              202.00              16.00               9                   1.33                6.22                56.00               12                  
173			636                 2                   242.00              214.00              28.00               12                  1.67                5.67                68.00               12                  
174			636                 1                   436.00              373.00              63.00               37                  8.41                4.22                156.00              12                  
175			636                 1                   242.00              221.00              21.00               14                  2.36                4.64                65.00               12                  
176			636                 1                   234.00              211.00              23.00               12                  1.67                5.42                65.00               12                  
177			-1                  -1                  -1                  -1                  -1                  -1                  -1                  -1                  -1                  -1                  
178			636                 1                   216.00              208.00              8.00                9                   2.33                6.56                59.00               12                  
179			636                 1                   207.00              193.00              14.00               8                   1.00                6.88                55.00               12                  
180			636                 1                   235.00              209.00              26.00               11                  1.36                5.36                59.00               12                  
181			636                 7                   12359.00            432.00              11927.00            583                 8.28                4.51                2628.00             459                 
182			636                 1                   247.00              216.00              31.00               16                  2.31                4.56                73.00               12                  
183			636                 1                   207.00              200.00              7.00                7                   1.43                7.71                54.00               12                  
184			636                 1                   302.00              224.00              78.00               20                  2.40                4.20                84.00               12                  
185			636                 1                   279.00              250.00              29.00               17                  2.65                4.82                82.00               12                  
186			636                 1                   200.00              192.00              8.00                6                   1.00                8.67                52.00               12                  
187			636                 1                   279.00              268.00              11.00               16                  4.94                5.00                80.00               12                  
188			636                 1                   291.00              280.00              11.00               17                  5.47                5.24                89.00               12                  
189			636                 1                   369.00              261.00              108.00              30                  3.67                3.53                106.00              12                  
190			636                 1                   197.00              187.00              10.00               5                   0.60                10.00               50.00               12                  
191			636                 1                   265.00              243.00              22.00               16                  3.13                4.56                73.00               12                  
192			636                 1                   199.00              189.00              10.00               5                   0.60                9.80                49.00               12                  
193			636                 1                   202.00              195.00              7.00                7                   1.43                7.43                52.00               12                  
194			636                 1                   301.00              229.00              72.00               28                  3.61                3.36                94.00               12                  
195			636                 1                   273.00              253.00              20.00               18                  5.33                4.61                83.00               12                  
196			636                 1                   236.00              208.00              28.00               12                  1.67                5.25                63.00               12                  
197			636                 1                   200.00              192.00              8.00                5                   0.60                10.40               52.00               12                  
198			636                 1                   310.00              253.00              57.00               25                  3.96                3.80                95.00               12                  
199			636                 3                   13447.00            439.00              13008.00            581                 8.29                5.54                3218.00             539                 
200			636                 1                   250.00              227.00              23.00               19                  4.42                3.53                67.00               12                  
201			636                 1                   649.00              515.00              134.00              44                  12.16               6.61                291.00              23                  
202			636                 1                   397.00              318.00              79.00               29                  5.97                4.48                130.00              12                  
203			636                 1                   237.00              216.00              21.00               13                  2.00                4.77                62.00               12                  
204			636                 1                   367.00              303.00              64.00               26                  6.15                4.73                123.00              12                  
205			636                 1                   198.00              190.00              8.00                5                   0.60                10.20               51.00               12                  
206			636                 1                   347.00              252.00              95.00               30                  3.67                3.80                114.00              12                  
207			636                 1                   354.00              287.00              67.00               27                  4.85                4.56                123.00              12                  
208			636                 1                   355.00              318.00              37.00               26                  7.50                4.96                129.00              12                  
209			636                 1                   271.00              242.00              29.00               17                  3.53                4.65                79.00               12                  
210			636                 1                   233.00              213.00              20.00               13                  2.00                5.00                65.00               12                  
211			636                 1                   238.00              220.00              18.00               11                  2.09                6.18                68.00               12                  
212			636                 1                   516.00              375.00              141.00              39                  7.67                5.00                195.00              12                  
213			636                 1                   245.00              228.00              17.00               16                  4.25                4.13                66.00               12                  
214			636                 2                   244.00              218.00              26.00               13                  2.00                5.15                67.00               12                  
215			636                 1                   287.00              245.00              42.00               20                  3.75                4.60                92.00               12                  
216			636                 1                   218.00              201.00              17.00               8                   1.00                6.88                55.00               12                  
217			636                 5                   12207.00            430.00              11777.00            581                 8.29                4.47                2595.00             459                 
218			636                 1                   236.00              216.00              20.00               14                  2.36                4.64                65.00               12                  
219			636                 1                   205.00              193.00              12.00               8                   1.00                7.00                56.00               12                  
220			636                 1                   258.00              241.00              17.00               14                  3.36                4.93                69.00               12                  
221			636                 1                   383.00              339.00              44.00               27                  7.52                5.33                144.00              12                  
222			636                 1                   242.00              213.00              29.00               15                  2.00                4.40                66.00               12                  
223			636                 1                   232.00              203.00              29.00               11                  1.36                5.82                64.00               12                  
224			636                 1                   280.00              218.00              62.00               21                  2.67                3.62                76.00               12                  
225			636                 1                   266.00              215.00              51.00               21                  2.67                3.71                78.00               12                  
226			636                 1                   209.00              194.00              15.00               8                   1.00                6.63                53.00               12                  
227			636                 1                   210.00              196.00              14.00               9                   1.33                6.33                57.00               12                  
228			636                 1                   277.00              245.00              32.00               20                  3.75                4.10                82.00               12                  
229			636                 1                   213.00              198.00              15.00               8                   1.00                7.13                57.00               12                  
230			636                 1                   209.00              202.00              7.00                6                   1.00                8.67                52.00               12                  
231			636                 1                   409.00              334.00              75.00               32                  5.16                4.34                139.00              12                  
232			636                 1                   240.00              217.00              23.00               15                  2.73                4.60                69.00               12                  
233			636                 1                   240.00              217.00              23.00               13                  2.00                5.23                68.00               12                  
234			636                 1                   219.00              212.00              7.00                8                   1.88                7.00                56.00               12                  
235			636                 1                   219.00              211.00              8.00                8                   1.88                6.75                54.00               12                  
236			636                 1                   222.00              213.00              9.00                5                   0.60                11.60               58.00               12                  
237			636                 1                   247.00              231.00              16.00               10                  1.70                6.10                61.00               12                  
238			636                 1                   207.00              193.00              14.00               8                   1.00                6.63                53.00               12                  
239			636                 1                   222.00              214.00              8.00                10                  2.80                5.80                58.00               12                  
240			636                 1                   294.00              238.00              56.00               25                  3.28                3.36                84.00               12                  
241			636                 1                   231.00              204.00              27.00               14                  1.71                4.29                60.00               12                  
242			636                 1                   205.00              198.00              7.00                6                   1.00                8.83                53.00               12                  
243			636                 1                   243.00              211.00              32.00               17                  2.06                3.82                65.00               12                  
244			636                 1                   205.00              197.00              8.00                7                   1.43                7.57                53.00               12                  
245			636                 1                   411.00              269.00              142.00              35                  4.71                3.94                138.00              12                  
246			636                 1                   237.00              214.00              23.00               11                  1.36                6.18                68.00               12                  
247			636                 2                   233.00              207.00              26.00               15                  2.00                4.13                62.00               12                  
248			636                 1                   207.00              195.00              12.00               8                   1.00                6.75                54.00               12                  
249			636                 2                   241.00              213.00              28.00               16                  2.31                4.13                66.00               12                  
250			636                 1                   427.00              330.00              97.00               37                  7.24                4.38                162.00              12                  
251			636                 1                   207.00              198.00              9.00                6                   1.00                8.83                53.00               12                  
252			-1                  -1                  -1                  -1                  -1                  -1                  -1                  -1                  -1                  -1                  
253			636                 1                   205.00              197.00              8.00                6                   1.00                8.67                52.00               12                  
254			636                 1                   308.00              231.00              77.00               26                  3.08                3.73                97.00               12                  
255			636                 1                   203.00              196.00              7.00                6                   1.00                8.67                52.00               12                  
256			636                 1                   261.00              247.00              14.00               14                  4.71                5.57                78.00               12                  
257			636                 1                   256.00              238.00              18.00               13                  2.92                6.23                81.00               12                  
258			636                 1                   201.00              191.00              10.00               5                   0.60                9.80                49.00               12                  
259			636                 1                   281.00              252.00              29.00               18                  3.94                4.94                89.00               12                  
260			636                 1                   201.00              192.00              9.00                5                   0.60                10.40               52.00               12                  
261			636                 1                   265.00              255.00              10.00               12                  3.75                6.42                77.00               12                  
262			636                 1                   255.00              217.00              38.00               11                  1.36                6.82                75.00               12                  
263			636                 1                   199.00              189.00              10.00               5                   0.60                10.00               50.00               12                  
264			636                 1                   321.00              248.00              73.00               18                  2.33                5.11                92.00               12                  
265			636                 1                   199.00              189.00              10.00               5                   0.60                9.80                49.00               12                  
266			636                 1                   274.00              222.00              52.00               21                  2.67                4.14                87.00               12                  
267			636                 1                   408.00              364.00              44.00               27                  6.22                5.11                138.00              12                  
268			636                 1                   202.00              194.00              8.00                6                   1.00                8.83                53.00               12                  
269			636                 1                   426.00              345.00              81.00               32                  6.28                4.69                150.00              12                  
270			636                 1                   522.00              432.00              90.00               34                  9.68                5.32                181.00              23                  
271			636                 1                   249.00              226.00              23.00               13                  2.00                5.46                71.00               12                  
272			636                 1                   241.00              234.00              7.00                9                   2.33                6.67                60.00               12                  
273			636                 1                   224.00              215.00              9.00                10                  2.80                5.90                59.00               12                  
274			636                 1                   200.00              194.00              6.00                6                   1.00                8.33                50.00               12                  
275			636                 1                   244.00              210.00              34.00               17                  2.06                3.82                65.00               12                  
276			-1                  -1                  -1                  -1                  -1                  -1                  -1                  -1                  -1                  -1                  
277			636                 1                   350.00              261.00              89.00               33                  5.64                3.15                104.00              12                  
278			636                 1                   223.00              206.00              17.00               8                   1.00                7.25                58.00               12                  
279			636                 1                   246.00              223.00              23.00               13                  2.00                5.54                72.00               12                  
280			636                 1                   397.00              352.00              45.00               36                  11.25               3.50                126.00              12                  
281			636                 1                   224.00              216.00              8.00                9                   2.33                6.78                61.00               12                  
282			636                 1                   228.00              212.00              16.00               10                  1.70                6.20                62.00               12                  
283			636                 1                   247.00              216.00              31.00               14                  1.71                4.86                68.00               12                  
284			636                 1                   221.00              206.00              15.00               10                  1.70                6.20                62.00               12                  
285			636                 1                   262.00              242.00              20.00               13                  2.92                5.54                72.00               12                  
286			636                 1                   224.00              216.00              8.00                9                   2.33                6.89                62.00               12                  
287			636                 3                   13340.00            436.00              12904.00            581                 8.29                5.54                3219.00             497                 
288			636                 1                   221.00              213.00              8.00                12                  3.75                4.75                57.00               12                  
289			636                 1                   201.00              191.00              10.00               5                   0.60                10.00               50.00               12                  
290			636                 1                   238.00              208.00              30.00               14                  1.71                4.43                62.00               12                  
291			636                 1                   334.00              257.00              77.00               29                  3.93                3.76                109.00              12                  
292			636                 1                   274.00              225.00              49.00               19                  2.63                4.58                87.00               12                  
293			636                 1                   246.00              217.00              29.00               16                  2.31                3.94                63.00               12                  
294			636                 1                   277.00              239.00              38.00               21                  3.29                3.57                75.00               12                  
295			636                 3                   13401.00            440.00              12961.00            581                 8.29                5.62                3266.00             544                 
296			636                 1                   214.00              195.00              19.00               11                  1.36                5.18                57.00               12                  
297			636                 1                   202.00              192.00              10.00               5                   0.60                10.00               50.00               12                  
298			636                 1                   293.00              248.00              45.00               19                  2.63                4.47                85.00               12                  
299			636                 1                   216.00              208.00              8.00                5                   0.60                10.60               53.00               12                  
300			636                 1                   236.00              220.00              16.00               13                  2.92                5.00                65.00               12                  
301			636                 1                   209.00              197.00              12.00               8                   1.00                6.50                52.00               12                  
302			636                 1                   201.00              192.00              9.00                5                   0.60                10.40               52.00               12                  
303			636                 7                   12336.00            431.00              11905.00            582                 8.28                4.57                2659.00             489                 
304			636                 1                   228.00              220.00              8.00                10                  2.80                6.60                66.00               12                  
305			636                 1                   198.00              190.00              8.00                5                   0.60                9.80                49.00               12                  
306			636                 1                   218.00              200.00              18.00               11                  1.36                5.00                55.00               12                  
307			636                 1                   241.00              227.00              14.00               11                  2.09                6.00                66.00               12                  
308			636                 1                   197.00              187.00              10.00               5                   0.60                9.80                49.00               12                  
309			636                 1                   194.00              186.00              8.00                5                   0.60                9.80                49.00               12                  
310			636                 1                   250.00              240.00              10.00               14                  4.71                5.00                70.00               12                  
311			636                 1                   244.00              212.00              32.00               14                  1.71                4.71                66.00               12                  
312			636                 4                   12176.00            439.00              11737.00            584                 8.27                4.61                2695.00             460                 
313			636                 1                   411.00              377.00              34.00               21                  5.52                6.62                139.00              12                  
314			636                 1                   223.00              208.00              15.00               9                   1.33                6.11                55.00               12                  
315			636                 1                   199.00              191.00              8.00                5                   0.60                10.00               50.00               12                  
316			636                 1                   210.00              196.00              14.00               8                   1.00                7.00                56.00               12                  
317			636                 1                   208.00              200.00              8.00                6                   1.00                8.83                53.00               12                  
318			636                 1                   200.00              192.00              8.00                5                   0.60                10.40               52.00               12                  
319			636                 1                   199.00              189.00              10.00               5                   0.60                10.20               51.00               12                  
320			636                 1                   197.00              187.00              10.00               5                   0.60                9.80                49.00               12                  
321			636                 1                   294.00              273.00              21.00               21                  6.00                4.67                98.00               12                  
322			636                 1                   529.00              387.00              142.00              45                  7.67                4.82                217.00              22                  
323			636                 1                   314.00              252.00              62.00               24                  3.00                4.21                101.00              12                  
324			636                 1                   261.00              234.00              27.00               17                  3.53                4.29                73.00               12                  
325			636                 1                   249.00              225.00              24.00               15                  2.73                4.27                64.00               12                  
326			636                 1                   198.00              190.00              8.00                5                   0.60                10.40               52.00               12                  
327			636                 1                   276.00              255.00              21.00               14                  3.36                5.36                75.00               12                  
328			636                 1                   260.00              221.00              39.00               21                  3.29                3.52                74.00               12                  
329			636                 1                   212.00              205.00              7.00                6                   1.00                9.00                54.00               12                  
330			636                 1                   239.00              217.00              22.00               13                  2.00                4.77                62.00               12                  
331			636                 1                   206.00              197.00              9.00                6                   1.00                8.83                53.00               12                  
332			636                 1                   270.00              230.00              40.00               19                  2.63                4.32                82.00               12                  
333			636                 1                   275.00              218.00              57.00               21                  2.67                4.00                84.00               12                  
334			636                 1                   268.00              225.00              43.00               23                  3.26                3.43                79.00               12                  
335			636                 1                   273.00              225.00              48.00               17                  2.06                4.59                78.00               12                  
336			636                 1                   204.00              196.00              8.00                6                   1.00                9.00                54.00               12                  
337			636                 1                   210.00              195.00              15.00               8                   1.00                6.75                54.00               12                  
338			636                 3                   254.00              208.00              46.00               21                  2.67                3.10                65.00               12                  
339			636                 1                   227.00              204.00              23.00               12                  1.67                5.08                61.00               12                  
340			636                 1                   214.00              199.00              15.00               8                   1.00                6.50                52.00               12                  
341			636                 1                   234.00              213.00              21.00               9                   1.33                6.78                61.00               12                  
342			636                 1                   199.00              189.00              10.00               5                   0.60                10.00               50.00               12                  
343			636                 1                   313.00              237.00              76.00               26                  3.08                3.58                93.00               12                  
344			636                 2                   235.00              209.00              26.00               11                  1.36                5.55                61.00               12                  
345			636                 2                   377.00              252.00              125.00              33                  4.03                3.73                123.00              12                  
346			636                 1                   286.00              263.00              23.00               19                  5.00                4.84                92.00               12                  
347			636                 1                   258.00              229.00              29.00               18                  3.00                3.89                70.00               12                  
348			636                 1                   240.00              207.00              33.00               14                  1.71                4.71                66.00               12                  
349			636                 3                   13471.00            438.00              13033.00            582                 8.28                5.75                3347.00             536                 
350			636                 1                   273.00              217.00              56.00               23                  2.74                3.61                83.00               12                  
351			636                 1                   224.00              214.00              10.00               10                  2.80                6.00                60.00               12                  
352			636                 1                   240.00              230.00              10.00               10                  2.80                6.40                64.00               12                  
353			636                 1                   222.00              213.00              9.00                8                   1.88                7.50                60.00               12                  
354			636                 1                   223.00              216.00              7.00                8                   1.88                7.63                61.00               12                  
355			636                 1                   263.00              218.00              45.00               18                  2.33                4.28                77.00               12                  
356			-1                  -1                  -1                  -1                  -1                  -1                  -1                  -1                  -1                  -1                  
357			636                 3                   13660.00            446.00              13214.00            581                 8.29                5.90                3425.00             520                 
