1			480                 1                   207.00              199.00              8.00                9                   2.22                5.89                53.00               12                  
2			480                 1                   192.00              188.00              4.00                3                   0.67                16.00               48.00               2                   
3			480                 1                   205.00              201.00              4.00                5                   1.20                10.60               53.00               12                  
4			480                 1                   220.00              207.00              13.00               11                  3.00                5.55                61.00               12                  
5			480                 1                   224.00              212.00              12.00               11                  2.73                5.55                61.00               12                  
6			480                 1                   208.00              202.00              6.00                7                   1.71                7.29                51.00               12                  
7			480                 1                   317.00              311.00              6.00                7                   2.00                11.14               78.00               12                  
8			480                 3                   5439.00             403.00              5036.00             484                 238.88              4.87                2357.00             271                 
9			480                 1                   214.00              206.00              8.00                7                   2.00                8.29                58.00               12                  
10			480                 1                   200.00              195.00              5.00                5                   1.40                9.80                49.00               12                  
11			480                 1                   396.00              286.00              110.00              45                  11.69               3.53                159.00              12                  
12			480                 1                   197.00              193.00              4.00                3                   0.67                16.00               48.00               2                   
13			480                 1                   206.00              202.00              4.00                5                   1.20                10.20               51.00               2                   
14			480                 5                   5249.00             365.00              4884.00             489                 237.27              4.56                2228.00             272                 
15			480                 1                   236.00              218.00              18.00               15                  3.80                4.73                71.00               12                  
16			480                 1                   196.00              192.00              4.00                3                   0.67                16.00               48.00               2                   
17			480                 1                   247.00              224.00              23.00               13                  3.62                6.15                80.00               12                  
18			480                 1                   206.00              199.00              7.00                7                   1.71                7.29                51.00               12                  
19			480                 1                   219.00              208.00              11.00               9                   2.44                6.44                58.00               12                  
20			480                 1                   319.00              301.00              18.00               11                  3.00                7.18                79.00               12                  
21			480                 1                   343.00              297.00              46.00               29                  7.24                3.66                106.00              12                  
22			480                 1                   298.00              293.00              5.00                5                   1.20                14.20               71.00               12                  
23			480                 1                   305.00              295.00              10.00               7                   1.71                11.29               79.00               12                  
24			480                 1                   233.00              216.00              17.00               13                  3.23                5.08                66.00               12                  
25			480                 1                   230.00              215.00              15.00               11                  2.82                6.18                68.00               12                  
26			480                 1                   241.00              220.00              21.00               15                  3.93                4.80                72.00               12                  
27			480                 1                   241.00              222.00              19.00               13                  3.54                5.46                71.00               12                  
28			480                 3                   4909.00             366.00              4543.00             490                 236.79              4.27                2090.00             261                 
29			480                 1                   200.00              196.00              4.00                5                   1.20                10.00               50.00               12                  
30			480                 1                   231.00              216.00              15.00               13                  3.31                5.15                67.00               12                  
31			480                 1                   230.00              215.00              15.00               13                  3.46                4.85                63.00               12                  
32			480                 1                   206.00              202.00              4.00                5                   1.40                11.20               56.00               2                   
33			480                 1                   247.00              224.00              23.00               17                  4.29                4.65                79.00               12                  
34			480                 1                   230.00              220.00              10.00               9                   2.22                7.56                68.00               12                  
35			480                 1                   232.00              213.00              19.00               17                  4.59                3.94                67.00               12                  
36			480                 1                   197.00              193.00              4.00                3                   0.67                16.33               49.00               2                   
37			480                 1                   220.00              210.00              10.00               9                   2.22                6.67                60.00               12                  
38			480                 1                   208.00              199.00              9.00                9                   2.33                6.11                55.00               12                  
39			480                 1                   224.00              219.00              5.00                5                   1.20                11.00               55.00               12                  
40			480                 5                   5454.00             353.00              5101.00             484                 241.39              4.93                2385.00             277                 
41			480                 2                   371.00              339.00              32.00               19                  5.21                6.68                127.00              12                  
42			480                 1                   254.00              249.00              5.00                5                   1.40                12.20               61.00               12                  
43			480                 2                   269.00              237.00              32.00               21                  5.57                4.48                94.00               12                  
44			480                 1                   254.00              227.00              27.00               23                  5.74                3.30                76.00               12                  
45			480                 1                   349.00              281.00              68.00               37                  9.54                3.95                146.00              12                  
46			480                 1                   282.00              245.00              37.00               23                  5.96                4.17                96.00               12                  
47			480                 1                   229.00              211.00              18.00               13                  3.31                5.31                69.00               12                  
48			480                 1                   234.00              215.00              19.00               13                  3.23                5.46                71.00               12                  
49			480                 1                   217.00              207.00              10.00               9                   2.56                6.56                59.00               12                  
50			480                 1                   232.00              216.00              16.00               13                  3.23                5.85                76.00               12                  
51			480                 1                   205.00              200.00              5.00                5                   1.40                10.40               52.00               12                  
52			480                 1                   305.00              264.00              41.00               29                  7.55                3.28                95.00               12                  
53			480                 1                   217.00              213.00              4.00                5                   1.20                11.80               59.00               2                   
54			480                 1                   238.00              216.00              22.00               19                  5.00                3.58                68.00               12                  
55			480                 1                   222.00              216.00              6.00                7                   2.00                8.29                58.00               12                  
56			480                 1                   314.00              268.00              46.00               31                  8.13                3.55                110.00              12                  
57			480                 1                   192.00              188.00              4.00                3                   0.67                16.00               48.00               2                   
58			480                 1                   193.00              189.00              4.00                3                   0.67                15.33               46.00               2                   
59			480                 1                   202.00              198.00              4.00                5                   1.20                10.40               52.00               12                  
60			480                 1                   208.00              202.00              6.00                7                   1.86                7.57                53.00               12                  
61			480                 1                   242.00              221.00              21.00               17                  4.35                4.18                71.00               12                  
62			480                 1                   226.00              212.00              14.00               11                  3.09                6.27                69.00               12                  
63			480                 1                   201.00              196.00              5.00                3                   0.67                16.33               49.00               2                   
64			480                 1                   202.00              198.00              4.00                3                   0.67                16.00               48.00               2                   
65			480                 1                   319.00              267.00              52.00               31                  8.16                3.94                122.00              12                  
66			480                 1                   237.00              226.00              11.00               9                   2.22                7.44                67.00               12                  
67			480                 1                   221.00              217.00              4.00                3                   0.67                20.00               60.00               2                   
68			480                 1                   224.00              211.00              13.00               11                  2.91                5.55                61.00               12                  
69			480                 1                   262.00              234.00              28.00               21                  5.24                4.14                87.00               12                  
70			480                 1                   232.00              228.00              4.00                5                   1.40                10.80               54.00               12                  
71			480                 1                   191.00              187.00              4.00                3                   0.67                15.67               47.00               2                   
72			480                 1                   200.00              196.00              4.00                5                   1.40                10.40               52.00               12                  
73			-1                  -1                  -1                  -1                  -1                  -1                  -1                  -1                  -1                  -1                  
74			-1                  -1                  -1                  -1                  -1                  -1                  -1                  -1                  -1                  -1                  
75			-1                  -1                  -1                  -1                  -1                  -1                  -1                  -1                  -1                  -1                  
76			-1                  -1                  -1                  -1                  -1                  -1                  -1                  -1                  -1                  -1                  
77			-1                  -1                  -1                  -1                  -1                  -1                  -1                  -1                  -1                  -1                  
78			-1                  -1                  -1                  -1                  -1                  -1                  -1                  -1                  -1                  -1                  
79			-1                  -1                  -1                  -1                  -1                  -1                  -1                  -1                  -1                  -1                  
80			-1                  -1                  -1                  -1                  -1                  -1                  -1                  -1                  -1                  -1                  
81			-1                  -1                  -1                  -1                  -1                  -1                  -1                  -1                  -1                  -1                  
82			-1                  -1                  -1                  -1                  -1                  -1                  -1                  -1                  -1                  -1                  
83			-1                  -1                  -1                  -1                  -1                  -1                  -1                  -1                  -1                  -1                  
84			-1                  -1                  -1                  -1                  -1                  -1                  -1                  -1                  -1                  -1                  
85			-1                  -1                  -1                  -1                  -1                  -1                  -1                  -1                  -1                  -1                  
86			-1                  -1                  -1                  -1                  -1                  -1                  -1                  -1                  -1                  -1                  
87			-1                  -1                  -1                  -1                  -1                  -1                  -1                  -1                  -1                  -1                  
88			-1                  -1                  -1                  -1                  -1                  -1                  -1                  -1                  -1                  -1                  
89			-1                  -1                  -1                  -1                  -1                  -1                  -1                  -1                  -1                  -1                  
90			-1                  -1                  -1                  -1                  -1                  -1                  -1                  -1                  -1                  -1                  
91			-1                  -1                  -1                  -1                  -1                  -1                  -1                  -1                  -1                  -1                  
