1			480                 1                   304.00              -1.00               -1.00               5                   -1.00               -1.00               304.00              13797904            
2			480                 1                   271.00              -1.00               -1.00               7                   -1.00               -1.00               271.00              13799208            
3			480                 1                   270.00              -1.00               -1.00               8                   -1.00               -1.00               270.00              13795064            
4			480                 1                   257.00              -1.00               -1.00               5                   -1.00               -1.00               257.00              13787328            
5			480                 1                   260.00              -1.00               -1.00               6                   -1.00               -1.00               260.00              13789800            
6			480                 1                   354.00              -1.00               -1.00               6                   -1.00               -1.00               354.00              13788456            
7			480                 1                   257.00              -1.00               -1.00               4                   -1.00               -1.00               257.00              13766352            
8			480                 3                   293.00              -1.00               -1.00               14                  -1.00               -1.00               293.00              13805968            
9			480                 1                   289.00              -1.00               -1.00               5                   -1.00               -1.00               289.00              13797776            
10			480                 1                   286.00              -1.00               -1.00               6                   -1.00               -1.00               286.00              13790024            
11			480                 1                   368.00              -1.00               -1.00               4                   -1.00               -1.00               368.00              13758768            
12			480                 1                   352.00              -1.00               -1.00               5                   -1.00               -1.00               352.00              13794344            
13			480                 1                   366.00              -1.00               -1.00               5                   -1.00               -1.00               366.00              13828304            
14			480                 5                   325.00              -1.00               -1.00               17                  -1.00               -1.00               325.00              13825408            
15			480                 1                   262.00              -1.00               -1.00               5                   -1.00               -1.00               262.00              13797880            
16			480                 1                   280.00              -1.00               -1.00               5                   -1.00               -1.00               280.00              13756512            
17			480                 1                   275.00              -1.00               -1.00               4                   -1.00               -1.00               275.00              13724520            
18			480                 1                   350.00              -1.00               -1.00               5                   -1.00               -1.00               350.00              13755328            
19			480                 1                   249.00              -1.00               -1.00               5                   -1.00               -1.00               249.00              13755104            
20			480                 1                   250.00              -1.00               -1.00               5                   -1.00               -1.00               250.00              13756000            
21			480                 1                   251.00              -1.00               -1.00               6                   -1.00               -1.00               251.00              13755448            
22			480                 1                   252.00              -1.00               -1.00               5                   -1.00               -1.00               252.00              13755320            
23			480                 1                   245.00              -1.00               -1.00               3                   -1.00               -1.00               245.00              13720888            
24			480                 1                   266.00              -1.00               -1.00               5                   -1.00               -1.00               266.00              13788736            
25			480                 1                   266.00              -1.00               -1.00               7                   -1.00               -1.00               266.00              13805168            
26			480                 1                   250.00              -1.00               -1.00               3                   -1.00               -1.00               250.00              13756152            
27			480                 1                   257.00              -1.00               -1.00               5                   -1.00               -1.00               257.00              13791128            
28			480                 3                   280.00              -1.00               -1.00               12                  -1.00               -1.00               280.00              13770880            
29			480                 1                   250.00              -1.00               -1.00               4                   -1.00               -1.00               250.00              13723136            
30			480                 1                   265.00              -1.00               -1.00               7                   -1.00               -1.00               265.00              13771992            
31			480                 1                   264.00              -1.00               -1.00               6                   -1.00               -1.00               264.00              13771848            
32			480                 1                   257.00              -1.00               -1.00               5                   -1.00               -1.00               257.00              13769952            
33			480                 1                   258.00              -1.00               -1.00               6                   -1.00               -1.00               258.00              13773664            
34			480                 1                   305.00              -1.00               -1.00               7                   -1.00               -1.00               305.00              13773944            
35			480                 1                   256.00              -1.00               -1.00               6                   -1.00               -1.00               256.00              13770824            
36			480                 1                   250.00              -1.00               -1.00               6                   -1.00               -1.00               250.00              13771448            
37			480                 1                   252.00              -1.00               -1.00               6                   -1.00               -1.00               252.00              13804768            
38			480                 1                   252.00              -1.00               -1.00               7                   -1.00               -1.00               252.00              13772728            
39			480                 1                   259.00              -1.00               -1.00               7                   -1.00               -1.00               259.00              13756800            
40			480                 5                   513.00              -1.00               -1.00               34                  -1.00               -1.00               513.00              24656680            
41			480                 1                   269.00              -1.00               -1.00               7                   -1.00               -1.00               269.00              13811048            
42			480                 1                   262.00              -1.00               -1.00               5                   -1.00               -1.00               262.00              13760064            
43			480                 1                   260.00              -1.00               -1.00               5                   -1.00               -1.00               260.00              13759848            
44			480                 1                   436.00              -1.00               -1.00               8                   -1.00               -1.00               436.00              13759112            
45			480                 1                   352.00              -1.00               -1.00               5                   -1.00               -1.00               352.00              13740144            
46			480                 1                   269.00              -1.00               -1.00               6                   -1.00               -1.00               269.00              13803744            
47			480                 1                   258.00              -1.00               -1.00               8                   -1.00               -1.00               258.00              13773872            
48			480                 1                   254.00              -1.00               -1.00               7                   -1.00               -1.00               254.00              13774080            
49			480                 1                   254.00              -1.00               -1.00               6                   -1.00               -1.00               254.00              13771744            
50			480                 1                   243.00              -1.00               -1.00               4                   -1.00               -1.00               243.00              13736160            
51			480                 1                   254.00              -1.00               -1.00               7                   -1.00               -1.00               254.00              13772000            
52			480                 1                   254.00              -1.00               -1.00               6                   -1.00               -1.00               254.00              13771912            
53			480                 1                   262.00              -1.00               -1.00               8                   -1.00               -1.00               262.00              13775624            
54			480                 1                   254.00              -1.00               -1.00               6                   -1.00               -1.00               254.00              13773640            
55			480                 1                   262.00              -1.00               -1.00               8                   -1.00               -1.00               262.00              13775624            
56			480                 1                   259.00              -1.00               -1.00               6                   -1.00               -1.00               259.00              13771936            
57			480                 1                   256.00              -1.00               -1.00               7                   -1.00               -1.00               256.00              13771576            
58			480                 1                   260.00              -1.00               -1.00               5                   -1.00               -1.00               260.00              13770632            
59			480                 1                   257.00              -1.00               -1.00               7                   -1.00               -1.00               257.00              13771872            
60			480                 1                   253.00              -1.00               -1.00               6                   -1.00               -1.00               253.00              13771976            
61			480                 1                   268.00              -1.00               -1.00               9                   -1.00               -1.00               268.00              13775808            
62			480                 1                   258.00              -1.00               -1.00               6                   -1.00               -1.00               258.00              13791536            
63			480                 1                   254.00              -1.00               -1.00               7                   -1.00               -1.00               254.00              13773176            
64			480                 1                   252.00              -1.00               -1.00               6                   -1.00               -1.00               252.00              13771720            
65			480                 1                   250.00              -1.00               -1.00               5                   -1.00               -1.00               250.00              13740192            
66			480                 1                   257.00              -1.00               -1.00               6                   -1.00               -1.00               257.00              13773368            
67			480                 1                   260.00              -1.00               -1.00               7                   -1.00               -1.00               260.00              13771320            
68			480                 1                   253.00              -1.00               -1.00               7                   -1.00               -1.00               253.00              13772256            
69			480                 1                   259.00              -1.00               -1.00               7                   -1.00               -1.00               259.00              13773112            
70			480                 1                   258.00              -1.00               -1.00               7                   -1.00               -1.00               258.00              13772728            
71			480                 1                   393.00              -1.00               -1.00               7                   -1.00               -1.00               393.00              13774608            
72			480                 1                   328.00              -1.00               -1.00               7                   -1.00               -1.00               328.00              13774608            
73			-1                  -1                  -1                  -1                  -1                  -1                  -1                  -1                  -1                  -1                  
74			-1                  -1                  -1                  -1                  -1                  -1                  -1                  -1                  -1                  -1                  
75			-1                  -1                  -1                  -1                  -1                  -1                  -1                  -1                  -1                  -1                  
76			-1                  -1                  -1                  -1                  -1                  -1                  -1                  -1                  -1                  -1                  
77			-1                  -1                  -1                  -1                  -1                  -1                  -1                  -1                  -1                  -1                  
78			-1                  -1                  -1                  -1                  -1                  -1                  -1                  -1                  -1                  -1                  
79			-1                  -1                  -1                  -1                  -1                  -1                  -1                  -1                  -1                  -1                  
80			-1                  -1                  -1                  -1                  -1                  -1                  -1                  -1                  -1                  -1                  
81			-1                  -1                  -1                  -1                  -1                  -1                  -1                  -1                  -1                  -1                  
82			-1                  -1                  -1                  -1                  -1                  -1                  -1                  -1                  -1                  -1                  
83			-1                  -1                  -1                  -1                  -1                  -1                  -1                  -1                  -1                  -1                  
84			-1                  -1                  -1                  -1                  -1                  -1                  -1                  -1                  -1                  -1                  
85			-1                  -1                  -1                  -1                  -1                  -1                  -1                  -1                  -1                  -1                  
86			-1                  -1                  -1                  -1                  -1                  -1                  -1                  -1                  -1                  -1                  
87			-1                  -1                  -1                  -1                  -1                  -1                  -1                  -1                  -1                  -1                  
88			-1                  -1                  -1                  -1                  -1                  -1                  -1                  -1                  -1                  -1                  
89			-1                  -1                  -1                  -1                  -1                  -1                  -1                  -1                  -1                  -1                  
90			-1                  -1                  -1                  -1                  -1                  -1                  -1                  -1                  -1                  -1                  
91			-1                  -1                  -1                  -1                  -1                  -1                  -1                  -1                  -1                  -1                  
