1			1090                2                   409.00              289.00              120.00              46                  8.85                2.63                121.00              22                  
2			1090                2                   628.00              375.00              253.00              85                  15.06               2.16                184.00              23                  
3			1090                1                   263.00              227.00              36.00               19                  2.63                3.74                71.00               12                  
4			1090                1                   210.00              202.00              8.00                6                   1.00                8.33                50.00               12                  
5			1090                2                   359.00              296.00              63.00               40                  11.35               2.58                103.00              23                  
6			1090                1                   256.00              226.00              30.00               23                  5.22                3.09                71.00               12                  
7			1090                1                   218.00              209.00              9.00                9                   2.33                6.44                58.00               12                  
8			1090                1                   276.00              225.00              51.00               26                  4.38                3.08                80.00               12                  
9			1090                2                   549.00              377.00              172.00              67                  14.24               2.69                180.00              23                  
10			1090                1                   314.00              264.00              50.00               36                  7.92                2.39                86.00               12                  
11			1090                2                   479.00              328.00              151.00              69                  14.61               2.10                145.00              23                  
12			1090                1                   424.00              293.00              131.00              59                  11.39               2.12                125.00              22                  
13			1090                2                   658.00              416.00              242.00              103                 20.41               1.79                184.00              33                  
14			1090                2                   276.00              248.00              28.00               24                  7.04                3.42                82.00               12                  
15			1090                2                   345.00              251.00              94.00               38                  6.00                2.63                100.00              12                  
16			1090                1                   334.00              290.00              44.00               40                  11.70               2.38                95.00               12                  
17			1090                2                   747.00              435.00              312.00              113                 22.67               2.03                229.00              33                  
18			1090                1                   304.00              271.00              33.00               26                  5.77                3.88                101.00              12                  
19			1090                1                   258.00              211.00              47.00               21                  2.67                3.38                71.00               12                  
20			1090                2                   590.00              349.00              241.00              86                  15.24               2.00                172.00              33                  
21			1090                1                   344.00              267.00              77.00               40                  8.23                2.65                106.00              12                  
22			1090                2                   559.00              352.00              207.00              84                  14.96               2.02                170.00              23                  
23			1090                1                   270.00              245.00              25.00               26                  7.04                3.00                78.00               12                  
24			1090                2                   497.00              333.00              164.00              73                  14.40               1.92                140.00              23                  
25			1090                1                   468.00              386.00              82.00               66                  18.26               2.12                140.00              23                  
26			1090                2                   656.00              419.00              237.00              103                 21.15               1.97                203.00              33                  
27			1090                1                   328.00              241.00              87.00               40                  7.00                2.28                91.00               12                  
28			1090                1                   249.00              209.00              40.00               19                  2.63                3.68                70.00               12                  
29			1090                5                   17388.00            440.00              16948.00            1035                8.18                2.38                2463.00             769                 
30			1090                1                   331.00              237.00              94.00               31                  3.97                3.39                105.00              12                  
31			1090                2                   479.00              333.00              146.00              70                  15.10               1.97                138.00              23                  
32			1090                2                   658.00              416.00              242.00              97                  19.63               2.02                196.00              33                  
33			1090                1                   1460.00             1062.00             398.00              211                 38.58               2.42                511.00              136                 
34			1090                2                   635.00              412.00              223.00              99                  19.99               1.89                187.00              33                  
35			1090                2                   565.00              402.00              163.00              67                  14.24               2.57                172.00              23                  
36			1090                2                   463.00              328.00              135.00              67                  15.34               1.79                120.00              23                  
37			1090                1                   209.00              195.00              14.00               8                   1.00                6.63                53.00               12                  
38			1090                2                   489.00              344.00              145.00              67                  15.34               2.12                142.00              23                  
39			1090                1                   331.00              266.00              65.00               41                  9.44                2.22                91.00               12                  
40			1090                1                   290.00              268.00              22.00               29                  10.86               2.97                86.00               12                  
41			1090                1                   280.00              218.00              62.00               27                  3.33                2.59                70.00               12                  
42			1090                1                   351.00              274.00              77.00               47                  8.57                2.17                102.00              12                  
43			1090                1                   228.00              213.00              15.00               15                  3.80                4.27                64.00               12                  
44			1090                1                   366.00              274.00              92.00               49                  9.88                2.04                100.00              12                  
45			1090                2                   524.00              371.00              153.00              63                  15.02               2.49                157.00              23                  
46			1090                1                   293.00              230.00              63.00               33                  5.64                2.36                78.00               12                  
47			1090                1                   223.00              202.00              21.00               13                  2.00                4.54                59.00               12                  
48			1090                2                   661.00              411.00              250.00              100                 20.13               1.88                188.00              33                  
49			1090                1                   243.00              214.00              29.00               17                  2.65                3.71                63.00               12                  
50			1090                1                   260.00              228.00              32.00               21                  4.19                3.62                76.00               12                  
51			1090                2                   522.00              327.00              195.00              62                  11.35               2.76                171.00              23                  
52			1090                1                   197.00              188.00              9.00                5                   0.60                10.00               50.00               12                  
53			1090                2                   504.00              339.00              165.00              72                  14.39               1.97                142.00              23                  
54			1090                2                   493.00              344.00              149.00              70                  15.10               2.14                150.00              23                  
55			1090                1                   298.00              245.00              53.00               29                  5.90                3.00                87.00               12                  
56			1090                1                   236.00              214.00              22.00               15                  2.73                4.53                68.00               12                  
57			1090                2                   239.00              211.00              28.00               15                  2.00                4.33                65.00               12                  
58			1090                2                   464.00              329.00              135.00              66                  14.85               2.05                135.00              23                  
59			1090                1                   417.00              367.00              50.00               50                  15.08               2.72                136.00              23                  
60			1090                1                   215.00              197.00              18.00               11                  1.36                5.00                55.00               12                  
61			1090                2                   566.00              356.00              210.00              86                  16.22               1.95                168.00              33                  
62			1090                2                   400.00              317.00              83.00               46                  12.00               2.72                125.00              23                  
63			1090                2                   305.00              257.00              48.00               29                  7.03                3.24                94.00               12                  
64			1090                1                   241.00              212.00              29.00               20                  3.75                3.35                67.00               12                  
65			1090                1                   271.00              253.00              18.00               21                  7.00                3.67                77.00               12                  
66			1090                1                   273.00              252.00              21.00               25                  8.00                2.92                73.00               12                  
67			1090                2                   501.00              347.00              154.00              71                  15.59               2.13                151.00              23                  
68			1090                1                   454.00              343.00              111.00              70                  14.80               1.86                130.00              23                  
69			1090                1                   227.00              202.00              25.00               16                  2.31                3.69                59.00               12                  
70			1090                1                   238.00              226.00              12.00               18                  6.00                3.39                61.00               12                  
71			1090                1                   474.00              355.00              119.00              67                  14.64               2.16                145.00              23                  
72			1090                1                   256.00              238.00              18.00               22                  7.55                3.23                71.00               12                  
73			1090                1                   449.00              345.00              104.00              62                  13.81               2.16                134.00              23                  
74			1090                2                   310.00              255.00              55.00               33                  6.39                2.94                97.00               12                  
75			1090                1                   218.00              209.00              9.00                12                  3.75                4.50                54.00               12                  
76			1090                1                   331.00              263.00              68.00               40                  6.58                2.13                85.00               12                  
77			1090                1                   257.00              239.00              18.00               22                  6.50                3.36                74.00               12                  
78			1090                1                   340.00              293.00              47.00               45                  12.64               2.04                92.00               12                  
79			1090                1                   403.00              353.00              50.00               50                  15.08               2.60                130.00              23                  
80			1090                1                   283.00              235.00              48.00               23                  4.04                3.70                85.00               12                  
81			1090                2                   501.00              321.00              180.00              75                  13.53               1.79                134.00              22                  
82			1090                2                   508.00              353.00              155.00              72                  16.39               2.06                148.00              23                  
83			1090                1                   308.00              258.00              50.00               36                  7.92                2.47                89.00               12                  
84			1090                1                   240.00              224.00              16.00               18                  5.33                3.61                65.00               12                  
85			1090                1                   212.00              205.00              7.00                9                   2.33                6.22                56.00               12                  
86			1090                1                   275.00              220.00              55.00               28                  3.61                2.57                72.00               12                  
87			1090                2                   503.00              352.00              151.00              70                  15.10               2.19                153.00              23                  
88			1090                1                   420.00              316.00              104.00              58                  12.62               2.12                123.00              22                  
89			1090                2                   578.00              355.00              223.00              84                  14.92               2.11                177.00              23                  
90			1090                1                   434.00              314.00              120.00              58                  12.62               2.34                136.00              22                  
91			1090                1                   307.00              293.00              14.00               25                  10.56               3.60                90.00               12                  
92			1090                1                   269.00              230.00              39.00               19                  3.37                4.26                81.00               12                  
93			1090                1                   396.00              341.00              55.00               52                  16.06               2.29                119.00              22                  
94			1090                1                   215.00              196.00              19.00               11                  1.36                5.09                56.00               12                  
95			1090                1                   477.00              381.00              96.00               71                  18.41               1.90                135.00              23                  
96			1090                2                   616.00              421.00              195.00              94                  21.79               2.01                189.00              33                  
97			1090                1                   198.00              190.00              8.00                5                   0.60                10.20               51.00               12                  
98			1090                2                   490.00              342.00              148.00              69                  14.61               2.17                150.00              23                  
99			1090                2                   353.00              265.00              88.00               37                  6.57                2.89                107.00              12                  
100			1090                1                   211.00              199.00              12.00               8                   1.00                6.75                54.00               12                  
101			1090                2                   258.00              216.00              42.00               11                  1.36                6.36                70.00               12                  
102			1090                1                   215.00              198.00              17.00               8                   1.00                7.13                57.00               12                  
103			1090                1                   336.00              267.00              69.00               41                  6.95                2.54                104.00              12                  
104			1090                1                   463.00              340.00              123.00              73                  15.21               1.81                132.00              22                  
105			1090                1                   296.00              228.00              68.00               28                  3.61                3.11                87.00               12                  
106			1090                1                   385.00              306.00              79.00               50                  11.46               2.26                113.00              22                  
107			1090                1                   449.00              353.00              96.00               52                  13.44               2.73                142.00              23                  
108			1090                1                   364.00              307.00              57.00               51                  13.00               2.06                105.00              12                  
