1			1090                1088                2869.00             840.00              2029.00             75                  1070.67             9.15                686.00              227                 
2			1090                1087                3320.00             909.00              2411.00             111                 1061.36             7.18                797.00              52                  
3			1090                1087                2779.00             824.00              1955.00             73                  1070.74             9.34                682.00              207                 
4			1090                1087                3490.00             908.00              2582.00             113                 1061.12             7.70                870.00              76                  
5			1090                1088                2526.00             797.00              1729.00             59                  1074.69             10.90               643.00              84                  
6			1090                1087                2731.00             826.00              1905.00             73                  1071.04             9.11                665.00              207                 
7			1090                1088                1753.00             481.00              1272.00             29                  1082.28             16.52               479.00              279                 
8			1090                1088                3281.00             860.00              2421.00             111                 1061.68             6.89                765.00              42                  
9			1090                1088                2909.00             858.00              2051.00             79                  1070.01             8.91                704.00              268                 
10			1090                1088                2130.00             604.00              1526.00             43                  1078.70             12.72               547.00              404                 
11			1090                1087                3653.00             975.00              2678.00             131                 1056.55             6.53                856.00              223                 
12			1090                1087                3115.00             841.00              2274.00             93                  1065.89             8.13                756.00              390                 
13			1090                1087                3656.00             1013.00             2643.00             133                 1056.32             6.53                869.00              258                 
14			1090                1087                1909.00             514.00              1395.00             35                  1080.14             14.71               515.00              332                 
15			1090                1088                2869.00             832.00              2037.00             81                  1069.12             8.67                702.00              278                 
16			1090                1087                2595.00             764.00              1831.00             57                  1074.93             11.26               642.00              64                  
17			1090                1087                3772.00             1050.00             2722.00             141                 1053.79             6.60                930.00              314                 
18			1090                1088                1842.00             494.00              1348.00             33                  1081.27             14.73               486.00              311                 
19			1090                1088                3184.00             973.00              2211.00             95                  1065.75             8.98                853.00              401                 
20			1090                1087                3295.00             918.00              2377.00             109                 1061.59             7.18                783.00              32                  
21			1090                1087                3146.00             850.00              2296.00             101                 1063.96             7.57                765.00              461                 
22			1090                1087                3754.00             1049.00             2705.00             143                 1053.60             6.20                886.00              329                 
23			1090                1087                2513.00             758.00              1755.00             57                  1075.25             10.98               626.00              64                  
24			1090                1087                3218.00             841.00              2377.00             105                 1063.66             7.37                774.00              490                 
25			1090                1087                3008.00             836.00              2172.00             93                  1065.83             7.92                737.00              390                 
26			1090                1087                3525.00             932.00              2593.00             121                 1058.89             7.06                854.00              147                 
27			1090                1087                3367.00             886.00              2481.00             109                 1061.83             7.50                818.00              51                  
28			1090                1088                2442.00             786.00              1656.00             53                  1076.55             12.00               636.00              34                  
29			1090                1089                1030.00             253.00              777.00              9                   1087.56             33.11               298.00              94                  
30			1090                1088                3271.00             850.00              2421.00             111                 1061.81             6.75                749.00              56                  
31			1090                1087                2990.00             858.00              2132.00             89                  1066.58             8.25                734.00              349                 
32			1090                1087                3948.00             1133.00             2815.00             149                 1051.68             6.37                949.00              394                 
33			1090                1088                6511.00             2395.00             4116.00             373                 996.40              3.76                1404.00             252                 
34			1090                1087                3858.00             1086.00             2772.00             145                 1053.19             6.43                933.00              359                 
35			1090                1088                2927.00             839.00              2088.00             85                  1068.20             8.32                707.00              308                 
36			1090                1087                3428.00             909.00              2519.00             115                 1060.53             7.10                816.00              86                  
37			1090                1088                1837.00             483.00              1354.00             31                  1081.77             16.03               497.00              290                 
38			1090                1087                3829.00             1073.00             2756.00             147                 1052.76             6.54                962.00              364                 
39			1090                1087                3337.00             904.00              2433.00             111                 1061.13             7.15                794.00              61                  
40			1090                1087                2209.00             637.00              1572.00             47                  1077.85             11.85               557.00              434                 
41			1090                1088                1757.00             483.00              1274.00             31                  1081.81             15.55               482.00              301                 
42			1090                1087                2804.00             833.00              1971.00             75                  1070.53             9.15                686.00              227                 
43			1090                1087                3062.00             835.00              2227.00             91                  1066.33             8.37                762.00              369                 
44			1090                1087                2544.00             774.00              1770.00             61                  1073.97             10.18               621.00              105                 
45			1090                1088                2934.00             853.00              2081.00             87                  1067.95             8.11                706.00              330                 
46			1090                1087                2893.00             824.00              2069.00             75                  1070.49             9.40                705.00              227                 
47			1090                1088                1760.00             483.00              1277.00             31                  1081.45             15.65               485.00              290                 
48			1090                1087                3964.00             1122.00             2842.00             151                 1051.76             6.21                937.00              404                 
49			1090                1088                1364.00             380.00              984.00              17                  1085.47             23.00               391.00              167                 
50			1090                1087                2576.00             806.00              1770.00             61                  1074.28             10.18               621.00              95                  
51			1090                1088                2978.00             851.00              2127.00             89                  1067.63             8.12                723.00              349                 
52			1090                1087                3418.00             935.00              2483.00             113                 1060.78             7.37                833.00              70                  
53			1090                1087                2859.00             854.00              2005.00             75                  1070.21             9.33                700.00              227                 
54			1090                1087                3050.00             891.00              2159.00             91                  1066.23             8.37                762.00              369                 
55			1090                1088                1932.00             526.00              1406.00             37                  1080.19             13.78               510.00              352                 
56			1090                1087                2977.00             839.00              2138.00             91                  1066.60             7.91                720.00              369                 
57			1090                1089                1028.00             271.00              757.00              9                   1087.67             32.67               294.00              95                  
58			1090                1087                3276.00             927.00              2349.00             107                 1062.12             7.30                781.00              505                 
59			1090                1088                2828.00             826.00              2002.00             73                  1071.36             9.30                679.00              206                 
60			1090                1087                2772.00             885.00              1887.00             71                  1071.46             9.51                675.00              186                 
61			1090                1087                3090.00             874.00              2216.00             95                  1065.37             7.68                730.00              411                 
62			1090                1087                2607.00             802.00              1805.00             63                  1073.83             10.02               631.00              125                 
63			1090                1088                2979.00             845.00              2134.00             87                  1067.63             8.18                712.00              329                 
64			1090                1087                2782.00             824.00              1958.00             73                  1071.11             9.41                687.00              207                 
65			1090                1088                1778.00             485.00              1293.00             31                  1081.52             15.55               482.00              291                 
66			1090                1088                2003.00             601.00              1402.00             37                  1080.16             14.35               531.00              352                 
67			1090                1087                3739.00             1044.00             2695.00             139                 1054.59             6.42                892.00              308                 
68			1090                1087                2992.00             932.00              2060.00             81                  1068.88             8.65                701.00              288                 
69			1090                1087                2298.00             647.00              1651.00             49                  1077.14             11.92               584.00              454                 
70			1090                1088                1812.00             491.00              1321.00             31                  1081.74             16.71               518.00              290                 
71			1090                1087                2887.00             835.00              2052.00             79                  1069.56             8.84                698.00              268                 
72			1090                1087                3160.00             855.00              2305.00             99                  1064.11             7.96                788.00              440                 
73			1090                1087                2776.00             840.00              1936.00             73                  1070.96             9.64                704.00              207                 
74			1090                1088                2218.00             653.00              1565.00             49                  1077.65             11.39               558.00              454                 
75			1090                1087                1861.00             509.00              1352.00             33                  1080.67             15.21               502.00              311                 
76			1090                1088                2010.00             545.00              1465.00             39                  1079.85             14.08               549.00              362                 
77			1090                1087                2886.00             816.00              2070.00             87                  1067.41             8.37                728.00              329                 
78			1090                1087                3281.00             872.00              2409.00             111                 1061.46             7.19                798.00              56                  
79			1090                1087                2765.00             840.00              1925.00             73                  1071.00             9.00                657.00              217                 
80			1090                1088                1750.00             482.00              1268.00             29                  1082.14             16.31               473.00              280                 
81			1090                1087                3416.00             904.00              2512.00             113                 1060.66             7.30                825.00              76                  
82			1090                1087                3809.00             996.00              2813.00             129                 1056.88             7.10                916.00              203                 
83			1090                1087                3388.00             962.00              2426.00             113                 1061.36             7.13                806.00              71                  
84			1090                1087                2802.00             858.00              1944.00             75                  1070.17             9.24                693.00              227                 
85			1090                1087                2764.00             807.00              1957.00             71                  1071.23             9.39                667.00              197                 
86			1090                1087                3329.00             886.00              2443.00             107                 1062.35             7.96                852.00              26                  
87			1090                1087                2914.00             851.00              2063.00             83                  1068.59             8.89                738.00              298                 
88			1090                1087                2745.00             813.00              1932.00             65                  1072.74             10.45               679.00              135                 
89			1090                1087                3148.00             855.00              2293.00             99                  1064.52             7.79                771.00              441                 
90			1090                1087                2966.00             879.00              2087.00             75                  1070.21             9.64                723.00              227                 
91			1090                1088                2103.00             591.00              1512.00             43                  1078.93             12.63               543.00              403                 
92			1090                1088                3433.00             929.00              2504.00             119                 1060.07             6.86                816.00              116                 
93			1090                1088                3701.00             958.00              2743.00             135                 1055.67             6.68                902.00              258                 
94			1090                1088                1876.00             553.00              1323.00             33                  1081.06             15.30               505.00              311                 
95			1090                1087                3112.00             905.00              2207.00             95                  1065.33             7.95                755.00              400                 
96			1090                1087                3556.00             946.00              2610.00             123                 1058.17             7.10                873.00              161                 
97			1090                1088                1899.00             504.00              1395.00             33                  1081.09             15.58               514.00              311                 
98			1090                1087                3396.00             905.00              2491.00             115                 1060.35             7.23                831.00              91                  
99			1090                1088                2458.00             748.00              1710.00             57                  1075.44             11.12               634.00              64                  
100			1090                1088                1570.00             421.00              1149.00             21                  1084.48             21.43               450.00              208                 
101			1090                1088                1026.00             269.00              757.00              9                   1087.67             31.78               286.00              95                  
102			1090                1088                768.00              158.00              610.00              5                   1088.60             40.60               203.00              63                  
103			1090                1087                2646.00             813.00              1833.00             65                  1073.00             9.88                642.00              145                 
104			1090                1087                3379.00             901.00              2478.00             111                 1061.37             7.77                862.00              51                  
105			1090                1088                1573.00             435.00              1138.00             23                  1083.91             18.83               433.00              218                 
106			1090                1087                3357.00             885.00              2472.00             113                 1060.88             7.08                800.00              76                  
107			1090                1088                2685.00             806.00              1879.00             67                  1072.58             9.64                646.00              156                 
108			1090                1087                2757.00             842.00              1915.00             73                  1071.16             9.25                675.00              207                 
