1			321                 319                 2398.00             594.00              1804.00             443                 209.48              2.40                1061.00             454                 
2			321                 320                 1772.00             431.00              1341.00             159                 280.75              5.16                821.00              218                 
3			321                 320                 2208.00             555.00              1653.00             307                 243.75              3.27                1004.00             372                 
4			321                 319                 2298.00             554.00              1744.00             307                 243.59              3.35                1028.00             373                 
5			321                 320                 2179.00             570.00              1609.00             289                 248.25              3.46                1000.00             341                 
6			321                 319                 2193.00             554.00              1639.00             309                 242.85              3.14                971.00              372                 
7			321                 319                 2520.00             636.00              1884.00             545                 183.83              1.98                1078.00             495                 
8			321                 320                 1425.00             308.00              1117.00             91                  297.75              7.24                659.00              135                 
9			321                 319                 2505.00             630.00              1875.00             531                 187.35              2.04                1083.00             495                 
10			321                 320                 1435.00             311.00              1124.00             91                  297.75              7.35                669.00              135                 
11			321                 319                 2622.00             714.00              1908.00             605                 169.10              1.90                1150.00             64                  
12			321                 320                 1446.00             313.00              1133.00             91                  297.75              7.27                662.00              135                 
13			321                 319                 2613.00             712.00              1901.00             599                 170.71              1.89                1132.00             64                  
14			321                 319                 1682.00             394.00              1288.00             151                 282.48              5.01                756.00              208                 
15			321                 319                 2633.00             708.00              1925.00             619                 165.41              1.85                1146.00             64                  
16			321                 320                 1716.00             405.00              1311.00             151                 282.75              5.15                777.00              208                 
17			321                 319                 2456.00             610.00              1846.00             489                 197.93              2.18                1068.00             464                 
18			321                 320                 1837.00             456.00              1381.00             177                 276.25              4.73                837.00              239                 
19			321                 319                 2496.00             622.00              1874.00             517                 191.12              2.07                1072.00             485                 
20			321                 320                 2009.00             518.00              1491.00             225                 264.25              4.03                906.00              280                 
21			321                 319                 1871.00             474.00              1397.00             195                 271.57              4.31                841.00              269                 
22			321                 320                 1593.00             354.00              1239.00             125                 289.25              5.84                730.00              177                 
23			321                 319                 2464.00             608.00              1856.00             483                 199.50              2.17                1050.00             475                 
24			321                 320                 2397.00             614.00              1783.00             401                 220.25              2.69                1080.00             423                 
25			321                 319                 2649.00             725.00              1924.00             617                 166.12              1.90                1172.00             64                  
26			321                 320                 2295.00             590.00              1705.00             351                 232.75              2.91                1023.00             392                 
27			321                 319                 2468.00             613.00              1855.00             507                 193.49              2.13                1079.00             485                 
28			321                 319                 2575.00             671.00              1904.00             591                 172.55              1.88                1110.00             496                 
29			321                 319                 2346.00             609.00              1737.00             411                 217.35              2.49                1023.00             433                 
30			321                 320                 1386.00             305.00              1081.00             81                  300.25              7.85                636.00              125                 
31			321                 319                 2437.00             607.00              1830.00             471                 202.59              2.24                1053.00             464                 
32			321                 320                 2203.00             558.00              1645.00             315                 241.75              3.07                967.00              362                 
33			321                 319                 1523.00             330.00              1193.00             111                 292.58              6.16                684.00              177                 
34			321                 320                 1545.00             328.00              1217.00             111                 292.75              6.37                707.00              177                 
35			321                 319                 2502.00             653.00              1849.00             555                 181.42              1.93                1073.00             485                 
36			321                 320                 1909.00             483.00              1426.00             191                 272.75              4.53                866.00              249                 
37			321                 319                 1914.00             461.00              1453.00             207                 268.50              4.08                844.00              270                 
38			321                 320                 1814.00             454.00              1360.00             173                 277.25              4.81                832.00              228                 
39			321                 319                 1594.00             347.00              1247.00             129                 287.82              5.54                715.00              197                 
40			321                 320                 733.00              159.00              574.00              17                  316.24              17.18               292.00              43                  
41			321                 319                 2363.00             580.00              1783.00             457                 205.85              2.21                1009.00             464                 
42			321                 320                 1060.00             298.00              762.00              37                  311.24              12.89               477.00              73                  
43			321                 319                 2657.00             730.00              1927.00             639                 160.49              1.85                1181.00             65                  
44			321                 320                 1043.00             285.00              758.00              37                  311.24              12.70               470.00              73                  
45			321                 319                 2581.00             683.00              1898.00             575                 176.62              1.92                1105.00             495                 
46			321                 320                 755.00              161.00              594.00              17                  316.24              18.00               306.00              43                  
47			321                 319                 2099.00             533.00              1566.00             271                 252.51              3.41                923.00              341                 
48			321                 320                 1914.00             488.00              1426.00             207                 268.75              4.19                867.00              270                 
49			321                 319                 2537.00             641.00              1896.00             565                 179.21              1.94                1094.00             495                 
50			321                 320                 744.00              164.00              580.00              17                  316.24              17.53               298.00              43                  
51			321                 319                 2350.00             596.00              1754.00             405                 218.98              2.56                1035.00             433                 
52			321                 320                 1925.00             480.00              1445.00             207                 268.75              4.20                870.00              280                 
53			321                 319                 2247.00             552.00              1695.00             347                 233.35              2.84                987.00              393                 
54			321                 320                 737.00              161.00              576.00              17                  316.24              17.35               295.00              43                  
55			321                 319                 2489.00             602.00              1887.00             455                 206.63              2.35                1071.00             454                 
56			321                 320                 721.00              146.00              575.00              15                  316.73              19.00               285.00              33                  
57			321                 319                 2613.00             735.00              1878.00             609                 168.08              1.82                1109.00             64                  
58			321                 319                 2468.00             611.00              1857.00             481                 199.86              2.25                1082.00             475                 
59			321                 320                 2372.00             599.00              1773.00             397                 221.25              2.62                1040.00             413                 
60			321                 319                 1926.00             505.00              1421.00             215                 266.27              3.97                853.00              280                 
61			321                 320                 564.00              113.00              451.00              7                   318.71              28.86               202.00              23                  
62			321                 319                 2657.00             718.00              1939.00             611                 167.32              1.87                1141.00             64                  
63			321                 320                 536.00              112.00              424.00              7                   318.71              28.00               196.00              23                  
64			321                 319                 2554.00             664.00              1890.00             577                 175.84              1.89                1090.00             495                 
65			321                 320                 532.00              110.00              422.00              7                   318.71              27.57               193.00              23                  
66			321                 319                 2264.00             560.00              1704.00             371                 227.54              2.67                992.00              413                 
67			321                 320                 590.00              124.00              466.00              9                   318.22              24.22               218.00              33                  
68			321                 319                 2292.00             568.00              1724.00             363                 229.47              2.74                995.00              403                 
69			321                 320                 550.00              110.00              440.00              7                   318.71              27.71               194.00              23                  
70			321                 319                 2771.00             738.00              2033.00             635                 161.45              1.94                1230.00             65                  
71			321                 320                 547.00              112.00              435.00              7                   318.71              28.43               199.00              23                  
72			321                 319                 1912.00             490.00              1422.00             223                 264.34              3.81                849.00              280                 
73			321                 320                 534.00              111.00              423.00              7                   318.71              27.71               194.00              23                  
74			321                 319                 1672.00             394.00              1278.00             153                 281.88              4.91                751.00              208                 
75			321                 320                 536.00              111.00              425.00              7                   318.71              27.57               193.00              23                  
76			321                 319                 1538.00             323.00              1215.00             123                 289.72              5.65                695.00              187                 
77			321                 320                 591.00              123.00              468.00              9                   318.22              24.44               220.00              33                  
78			321                 319                 2384.00             614.00              1770.00             447                 208.26              2.29                1023.00             454                 
79			321                 320                 591.00              126.00              465.00              9                   318.22              24.44               220.00              33                  
80			321                 319                 2555.00             672.00              1883.00             561                 179.80              1.98                1112.00             485                 
81			321                 320                 1237.00             299.00              938.00              59                  305.75              9.41                555.00              95                  
82			321                 319                 2200.00             587.00              1613.00             297                 246.06              3.25                964.00              362                 
83			321                 320                 2185.00             565.00              1620.00             297                 246.25              3.30                980.00              352                 
84			321                 319                 2387.00             618.00              1769.00             423                 214.44              2.42                1024.00             444                 
85			321                 320                 1751.00             413.00              1338.00             161                 280.25              4.98                802.00              218                 
86			321                 319                 2445.00             600.00              1845.00             449                 207.85              2.33                1048.00             454                 
87			321                 320                 2057.00             543.00              1514.00             257                 256.25              3.65                939.00              311                 
88			321                 319                 1972.00             517.00              1455.00             227                 263.34              3.83                870.00              290                 
89			321                 320                 1120.00             295.00              825.00              41                  310.24              12.27               503.00              73                  
90			321                 320                 1066.00             288.00              778.00              41                  310.24              11.63               477.00              73                  
91			321                 319                 2371.00             615.00              1756.00             399                 220.60              2.58                1030.00             433                 
92			321                 320                 1483.00             307.00              1176.00             105                 294.25              6.49                681.00              157                 
93			321                 319                 2600.00             734.00              1866.00             607                 168.53              1.90                1153.00             64                  
94			321                 320                 1501.00             313.00              1188.00             105                 294.25              6.50                683.00              157                 
95			321                 319                 1912.00             505.00              1407.00             211                 267.41              4.01                846.00              270                 
96			321                 320                 1453.00             301.00              1152.00             105                 294.25              6.28                659.00              157                 
97			321                 319                 2486.00             629.00              1857.00             491                 197.74              2.18                1069.00             464                 
98			321                 320                 1476.00             307.00              1169.00             105                 294.25              6.31                663.00              157                 
99			321                 319                 2394.00             614.00              1780.00             441                 210.24              2.36                1040.00             455                 
100			321                 320                 1511.00             315.00              1196.00             105                 294.25              6.57                690.00              157                 
101			321                 319                 2178.00             580.00              1598.00             299                 245.43              3.21                960.00              362                 
102			321                 320                 1289.00             287.00              1002.00             73                  302.25              8.03                586.00              115                 
103			321                 319                 2470.00             616.00              1854.00             477                 201.05              2.24                1068.00             475                 
104			321                 319                 2542.00             634.00              1908.00             533                 187.21              2.07                1105.00             495                 
105			321                 320                 2320.00             606.00              1714.00             373                 227.25              2.83                1057.00             403                 
106			321                 319                 2533.00             626.00              1907.00             535                 186.63              2.06                1101.00             495                 
107			321                 320                 2461.00             621.00              1840.00             479                 200.75              2.27                1085.00             475                 
108			321                 319                 2529.00             649.00              1880.00             537                 186.07              2.05                1100.00             495                 
109			321                 319                 2537.00             636.00              1901.00             539                 185.55              2.01                1086.00             495                 
110			321                 320                 472.00              90.00               382.00              5                   319.20              33.60               168.00              23                  
111			321                 319                 2151.00             544.00              1607.00             291                 247.50              3.28                954.00              351                 
112			321                 320                 2079.00             561.00              1518.00             251                 257.75              3.69                927.00              311                 
