1			1090                2                   779.00              409.00              370.00              45                  78.96               5.33                240.00              54                  
2			1090                1                   662.00              405.00              257.00              18                  165.00              10.00               180.00              43                  
3			1090                1                   593.00              409.00              184.00              15                  154.53              10.40               156.00              33                  
4			1090                1                   566.00              409.00              157.00              14                  158.14              10.14               142.00              33                  
5			1090                1                   650.00              411.00              239.00              15                  190.60              11.53               173.00              43                  
6			1090                1                   603.00              411.00              192.00              17                  141.35              9.18                156.00              33                  
7			1090                1                   605.00              418.00              187.00              16                  149.94              9.75                156.00              33                  
8			1090                1                   599.00              411.00              188.00              15                  155.87              10.60               159.00              33                  
9			1090                1                   688.00              410.00              278.00              18                  176.89              10.44               188.00              43                  
10			1090                1                   625.00              408.00              217.00              17                  155.65              9.53                162.00              43                  
11			1090                2                   803.00              422.00              381.00              39                  92.62               6.31                246.00              54                  
12			1090                1                   630.00              413.00              217.00              17                  154.47              10.00               170.00              43                  
13			1090                2                   827.00              410.00              417.00              39                  107.95              6.41                250.00              64                  
14			1090                1                   628.00              418.00              210.00              17                  149.71              9.65                164.00              43                  
15			1090                2                   812.00              409.00              403.00              36                  113.00              6.75                243.00              64                  
16			1090                1                   628.00              413.00              215.00              17                  153.47              9.82                167.00              43                  
17			1090                1                   683.00              407.00              276.00              20                  158.25              9.45                189.00              43                  
18			1090                1                   691.00              407.00              284.00              16                  195.81              11.38               182.00              43                  
19			1090                1                   599.00              411.00              188.00              15                  155.87              10.53               158.00              33                  
20			1090                1                   669.00              407.00              262.00              18                  164.22              10.11               182.00              43                  
21			1090                1                   600.00              406.00              194.00              15                  166.67              10.27               154.00              33                  
22			1090                1                   687.00              409.00              278.00              18                  176.89              10.44               188.00              43                  
23			1090                1                   669.00              452.00              217.00              16                  154.50              11.13               178.00              43                  
24			1090                1                   666.00              409.00              257.00              19                  154.84              9.63                183.00              43                  
25			1090                1                   640.00              405.00              235.00              16                  178.94              10.44               167.00              43                  
26			1090                1                   681.00              415.00              266.00              16                  189.50              11.38               182.00              43                  
27			1090                1                   608.00              408.00              200.00              18                  137.94              8.83                159.00              43                  
28			1090                1                   607.00              413.00              194.00              15                  155.87              10.40               156.00              33                  
29			1090                5                   1253.00             416.00              837.00              293                 42.95               2.78                815.00              475                 
30			1090                1                   586.00              417.00              169.00              18                  124.67              8.50                153.00              33                  
31			1090                1                   639.00              407.00              232.00              16                  175.00              10.38               166.00              43                  
32			1090                2                   824.00              409.00              415.00              44                  93.64               5.64                248.00              64                  
33			1090                1                   725.00              452.00              273.00              16                  183.06              11.94               191.00              43                  
34			1090                2                   863.00              411.00              452.00              50                  89.34               5.20                260.00              64                  
35			1090                1                   688.00              409.00              279.00              21                  152.33              9.00                189.00              43                  
36			1090                2                   697.00              408.00              289.00              33                  88.36               6.24                206.00              43                  
37			1090                1                   567.00              406.00              161.00              16                  139.56              9.06                145.00              33                  
38			1090                1                   684.00              408.00              276.00              17                  189.24              10.94               186.00              43                  
39			1090                1                   620.00              413.00              207.00              19                  132.47              8.63                164.00              43                  
40			1090                1                   605.00              404.00              201.00              17                  147.88              9.59                163.00              43                  
41			1090                1                   603.00              416.00              187.00              16                  147.94              10.00               160.00              33                  
42			1090                1                   617.00              408.00              209.00              17                  149.41              9.76                166.00              43                  
43			1090                1                   594.00              411.00              183.00              17                  137.00              9.29                158.00              33                  
44			1090                1                   615.00              409.00              206.00              16                  158.94              10.19               163.00              43                  
45			1090                1                   700.00              416.00              284.00              18                  178.83              10.39               187.00              43                  
46			1090                1                   595.00              408.00              187.00              14                  175.57              10.86               152.00              33                  
47			1090                1                   576.00              408.00              168.00              15                  151.33              9.87                148.00              33                  
48			1090                2                   837.00              412.00              425.00              44                  95.27               5.66                249.00              64                  
49			1090                1                   654.00              448.00              206.00              15                  155.87              11.33               170.00              33                  
50			1090                1                   608.00              411.00              197.00              16                  148.25              10.31               165.00              33                  
51			1090                1                   692.00              410.00              282.00              19                  169.89              9.89                188.00              43                  
52			1090                1                   571.00              412.00              159.00              15                  146.60              10.00               150.00              33                  
53			1090                1                   630.00              406.00              224.00              15                  182.33              11.00               165.00              43                  
54			1090                2                   638.00              413.00              225.00              17                  160.59              9.76                166.00              43                  
55			1090                1                   600.00              406.00              194.00              16                  155.56              9.75                156.00              33                  
56			1090                1                   580.00              405.00              175.00              16                  143.69              9.31                149.00              33                  
57			1090                2                   645.00              411.00              234.00              30                  87.63               6.03                181.00              43                  
58			1090                1                   672.00              411.00              261.00              20                  147.95              9.30                186.00              43                  
59			1090                1                   666.00              407.00              259.00              17                  178.94              10.59               180.00              43                  
60			1090                1                   572.00              409.00              163.00              14                  160.43              10.50               147.00              33                  
61			1090                2                   699.00              404.00              295.00              35                  87.29               5.80                203.00              43                  
62			1090                1                   661.00              410.00              251.00              18                  161.89              9.78                176.00              43                  
63			1090                2                   833.00              406.00              427.00              44                  97.41               5.70                251.00              64                  
64			1090                1                   595.00              411.00              184.00              14                  167.57              10.93               153.00              33                  
65			1090                1                   619.00              417.00              202.00              18                  138.89              9.17                165.00              43                  
66			1090                1                   615.00              410.00              205.00              16                  159.56              10.19               163.00              43                  
67			1090                1                   692.00              415.00              277.00              18                  175.50              10.39               187.00              43                  
68			1090                1                   635.00              406.00              229.00              15                  184.27              11.27               169.00              43                  
69			1090                1                   588.00              409.00              179.00              19                  121.68              8.11                154.00              33                  
70			1090                1                   601.00              407.00              194.00              16                  155.88              9.63                154.00              43                  
71			1090                1                   629.00              406.00              223.00              14                  195.57              11.86               166.00              43                  
72			1090                1                   602.00              408.00              194.00              17                  145.06              9.24                157.00              33                  
73			1090                1                   646.00              411.00              235.00              20                  135.35              9.10                182.00              43                  
74			1090                1                   622.00              405.00              217.00              18                  147.11              9.50                171.00              43                  
75			1090                1                   596.00              406.00              190.00              18                  130.33              8.94                161.00              33                  
76			1090                1                   621.00              405.00              216.00              18                  144.61              9.39                169.00              43                  
77			1090                1                   601.00              408.00              193.00              16                  151.00              10.00               160.00              33                  
78			1090                1                   628.00              405.00              223.00              18                  149.06              9.28                167.00              43                  
79			1090                1                   655.00              411.00              244.00              19                  143.32              9.84                187.00              43                  
80			1090                1                   620.00              409.00              211.00              16                  162.81              10.50               168.00              43                  
81			1090                1                   651.00              408.00              243.00              17                  169.88              10.18               173.00              43                  
82			1090                2                   692.00              417.00              275.00              27                  107.00              7.41                200.00              43                  
83			1090                1                   607.00              407.00              200.00              17                  147.41              9.59                163.00              43                  
84			1090                1                   605.00              416.00              189.00              15                  158.93              10.40               156.00              33                  
85			1090                1                   584.00              409.00              175.00              18                  126.56              8.50                153.00              33                  
86			1090                1                   600.00              412.00              188.00              16                  147.81              9.81                157.00              33                  
87			1090                1                   643.00              409.00              234.00              16                  172.88              10.69               171.00              43                  
88			1090                1                   634.00              414.00              220.00              16                  166.19              10.56               169.00              43                  
89			1090                1                   647.00              408.00              239.00              16                  179.75              10.75               172.00              43                  
90			1090                1                   624.00              408.00              216.00              16                  164.31              10.38               166.00              43                  
91			1090                1                   629.00              409.00              220.00              19                  138.79              9.00                171.00              43                  
92			1090                1                   571.00              408.00              163.00              16                  139.88              9.06                145.00              33                  
93			1090                1                   623.00              410.00              213.00              16                  162.81              10.25               164.00              43                  
94			1090                1                   565.00              404.00              161.00              14                  160.43              10.36               145.00              33                  
95			1090                1                   653.00              412.00              241.00              18                  159.67              9.56                172.00              43                  
96			1090                2                   866.00              408.00              458.00              51                  88.55               5.08                259.00              64                  
97			1090                1                   563.00              412.00              151.00              13                  167.69              10.62               138.00              33                  
98			1090                1                   673.00              413.00              260.00              18                  165.44              10.17               183.00              43                  
99			1090                2                   855.00              406.00              449.00              42                  110.88              6.21                261.00              64                  
100			1090                1                   582.00              410.00              172.00              18                  126.56              8.33                150.00              33                  
101			1090                1                   646.00              412.00              234.00              16                  173.81              10.63               170.00              43                  
102			1090                1                   572.00              405.00              167.00              16                  142.19              9.13                146.00              33                  
103			1090                1                   612.00              409.00              203.00              15                  166.13              11.07               166.00              33                  
104			1090                1                   644.00              412.00              232.00              17                  163.88              9.94                169.00              43                  
105			1090                1                   627.00              415.00              212.00              18                  143.44              9.22                166.00              43                  
106			1090                1                   641.00              422.00              219.00              16                  163.25              10.75               172.00              43                  
107			1090                1                   655.00              412.00              243.00              14                  213.86              11.79               165.00              43                  
108			1090                1                   636.00              407.00              229.00              16                  168.13              10.94               175.00              43                  
