1			1238                1                   20505.00            495.00              20010.00            1239                619.09              6.84                8473.00             2396                
2			1238                1                   20309.00            495.00              19814.00            1239                619.02              6.93                8590.00             2401                
3			1238                1                   20022.00            514.00              19508.00            1239                619.23              10.20               12639.00            2424                
4			1238                1                   20491.00            494.00              19997.00            1239                619.54              7.16                8876.00             2403                
5			1238                1                   20382.00            492.00              19890.00            1239                619.12              10.43               12921.00            2403                
6			1238                1                   19848.00            494.00              19354.00            1239                619.57              6.87                8516.00             2400                
7			1238                1                   20764.00            500.00              20264.00            1239                619.36              10.59               13122.00            2403                
8			1238                1                   20465.00            497.00              19968.00            1239                619.14              6.91                8565.00             2422                
9			1238                1                   20037.00            494.00              19543.00            1239                619.41              10.10               12515.00            2403                
10			1238                1                   19974.00            498.00              19476.00            1239                619.25              9.99                12373.00            2403                
11			1238                2                   20136.00            501.00              19635.00            1239                619.92              7.00                8676.00             2405                
12			1238                1                   20961.00            496.00              20465.00            1239                619.14              10.86               13458.00            2425                
13			1238                1                   20383.00            501.00              19882.00            1239                619.35              10.33               12804.00            2422                
14			1238                1                   20727.00            495.00              20232.00            1239                619.35              10.61               13151.00            2403                
15			1238                1                   19750.00            497.00              19253.00            1239                619.58              9.84                12197.00            2401                
16			1238                1                   20625.00            499.00              20126.00            1239                619.23              10.30               12767.00            2422                
17			1238                1                   20011.00            494.00              19517.00            1239                619.49              10.08               12491.00            2424                
18			1238                1                   22076.00            494.00              21582.00            1239                619.57              11.74               14552.00            2416                
19			1238                1                   20150.00            544.00              19606.00            1239                619.43              7.08                8773.00             2396                
20			1238                1                   20868.00            489.00              20379.00            1239                619.57              7.11                8814.00             2403                
21			1238                1                   20725.00            489.00              20236.00            1239                619.42              10.65               13200.00            2424                
22			1238                1                   20075.00            505.00              19570.00            1239                619.52              9.99                12379.00            2424                
23			1238                1                   19596.00            489.00              19107.00            1239                619.48              9.87                12234.00            2403                
24			1238                1                   20026.00            542.00              19484.00            1239                619.40              10.08               12489.00            2401                
25			1238                1                   20043.00            492.00              19551.00            1239                619.24              10.17               12600.00            2403                
26			1238                1                   19930.00            495.00              19435.00            1239                619.27              10.05               12450.00            2422                
27			1238                1                   22143.00            498.00              21645.00            1239                619.17              11.78               14597.00            2403                
28			1238                1                   20512.00            493.00              20019.00            1239                619.16              10.52               13038.00            2403                
29			1238                1                   20891.00            497.00              20394.00            1239                619.54              7.19                8907.00             2403                
30			1238                1                   20430.00            493.00              19937.00            1239                619.21              10.28               12735.00            2401                
31			1238                1                   20186.00            500.00              19686.00            1239                619.83              10.18               12608.00            2403                
32			1238                1                   19944.00            497.00              19447.00            1239                619.08              9.99                12372.00            2401                
33			1238                1                   20023.00            498.00              19525.00            1239                619.15              10.04               12441.00            2404                
34			1238                1                   21546.00            493.00              21053.00            1239                619.08              11.29               13989.00            2401                
35			1238                1                   19635.00            491.00              19144.00            1239                619.05              9.79                12131.00            2424                
36			1238                1                   20692.00            496.00              20196.00            1239                619.17              10.41               12892.00            2422                
37			1238                1                   19734.00            496.00              19238.00            1239                619.24              9.86                12220.00            2403                
38			1238                1                   19688.00            493.00              19195.00            1239                619.49              9.90                12267.00            2403                
39			1238                1                   20257.00            493.00              19764.00            1239                619.45              10.36               12841.00            2404                
40			1238                1                   20540.00            504.00              20036.00            1239                619.29              10.35               12824.00            2401                
41			1238                1                   19714.00            495.00              19219.00            1239                619.77              6.88                8519.00             2400                
42			1238                2                   19952.00            494.00              19458.00            1239                619.12              9.85                12201.00            2396                
43			1238                1                   19651.00            540.00              19111.00            1239                619.41              9.85                12205.00            2424                
44			1238                1                   19583.00            491.00              19092.00            1239                619.40              9.88                12237.00            2403                
45			1238                1                   19718.00            541.00              19177.00            1239                619.64              9.70                12022.00            2424                
46			1238                1                   19769.00            499.00              19270.00            1239                619.14              7.10                8798.00             2417                
47			1238                4                   20137.00            496.00              19641.00            1239                619.39              7.31                9062.00             2425                
48			1238                1                   19885.00            493.00              19392.00            1239                619.75              10.09               12500.00            2402                
49			1238                1                   19517.00            494.00              19023.00            1239                619.75              9.80                12146.00            2423                
50			-1                  -1                  -1                  -1                  -1                  -1                  -1                  -1                  -1                  -1                  
51			1238                3                   19700.00            495.00              19205.00            1239                619.26              7.14                8845.00             2424                
52			1238                1                   20415.00            491.00              19924.00            1239                619.48              10.51               13024.00            2401                
53			1238                3                   19866.00            495.00              19371.00            1239                620.09              6.92                8572.00             2422                
54			1238                3                   20538.00            495.00              20043.00            1239                620.34              7.07                8765.00             2424                
55			1238                3                   20612.00            498.00              20114.00            1239                620.19              7.24                8972.00             2401                
56			1238                3                   19907.00            493.00              19414.00            1239                620.22              10.03               12431.00            2424                
57			1238                3                   20593.00            489.00              20104.00            1239                620.65              7.01                8688.00             2403                
58			1238                3                   20399.00            494.00              19905.00            1239                620.34              10.51               13016.00            2403                
59			1238                3                   20727.00            498.00              20229.00            1239                620.64              7.05                8734.00             2424                
60			1238                3                   19801.00            494.00              19307.00            1239                620.10              9.90                12264.00            2403                
61			1238                3                   19949.00            496.00              19453.00            1239                620.16              9.99                12381.00            2403                
62			1238                3                   19810.00            493.00              19317.00            1239                620.44              10.00               12391.00            2424                
63			1238                3                   19973.00            495.00              19478.00            1239                620.46              7.15                8862.00             2401                
64			1238                3                   20165.00            495.00              19670.00            1239                620.22              6.92                8573.00             2401                
65			1238                3                   21457.00            496.00              20961.00            1239                620.13              11.28               13975.00            2403                
66			1238                3                   19956.00            493.00              19463.00            1239                620.13              6.92                8571.00             2422                
67			1238                3                   20034.00            494.00              19540.00            1239                620.25              6.93                8582.00             2422                
68			1238                3                   19975.00            493.00              19482.00            1239                620.17              10.07               12472.00            2424                
69			1238                3                   19920.00            494.00              19426.00            1239                620.30              9.98                12369.00            2424                
70			1238                3                   19815.00            494.00              19321.00            1239                620.77              7.17                8887.00             2403                
71			1238                3                   20188.00            493.00              19695.00            1239                620.17              6.87                8507.00             2422                
72			1238                3                   19706.00            537.00              19169.00            1239                620.13              6.84                8470.00             2401                
73			1238                3                   20803.00            494.00              20309.00            1239                620.18              6.90                8551.00             2422                
74			1238                3                   20652.00            496.00              20156.00            1239                620.33              10.50               13007.00            2403                
75			1238                3                   19865.00            498.00              19367.00            1239                620.54              6.93                8590.00             2422                
76			1238                3                   20052.00            494.00              19558.00            1239                620.38              10.22               12667.00            2396                
77			1238                3                   20292.00            491.00              19801.00            1239                620.38              6.78                8405.00             2401                
78			1238                3                   19765.00            492.00              19273.00            1239                620.12              6.88                8525.00             2401                
79			1238                3                   19758.00            497.00              19261.00            1239                620.11              9.89                12258.00            2424                
80			1238                3                   20789.00            494.00              20295.00            1239                620.20              6.86                8504.00             2422                
81			1238                3                   19871.00            497.00              19374.00            1239                620.68              9.94                12318.00            2436                
82			1238                3                   19858.00            504.00              19354.00            1239                620.45              6.91                8564.00             2401                
83			1238                3                   19805.00            496.00              19309.00            1239                620.14              9.86                12222.00            2424                
84			1238                3                   19565.00            494.00              19071.00            1239                620.16              9.81                12149.00            2424                
85			1238                3                   21667.00            494.00              21173.00            1239                620.41              6.83                8467.00             2401                
86			1238                3                   19760.00            493.00              19267.00            1239                620.65              6.87                8508.00             2401                
87			1238                3                   20118.00            498.00              19620.00            1239                621.03              9.82                12171.00            2421                
88			1238                3                   19688.00            493.00              19195.00            1239                620.75              9.89                12259.00            2421                
89			1238                3                   20338.00            491.00              19847.00            1239                620.56              6.86                8496.00             2401                
90			1238                3                   19669.00            496.00              19173.00            1239                620.35              6.83                8465.00             2401                
91			1238                3                   20189.00            493.00              19696.00            1239                620.34              10.34               12813.00            2424                
92			1238                3                   21481.00            496.00              20985.00            1239                620.31              6.85                8492.00             2401                
93			1238                3                   19631.00            489.00              19142.00            1239                620.46              9.94                12310.00            2424                
94			1238                3                   19689.00            492.00              19197.00            1239                620.22              6.78                8405.00             2422                
95			1238                3                   20224.00            492.00              19732.00            1239                620.37              6.74                8355.00             2422                
96			1238                3                   20370.00            496.00              19874.00            1239                620.59              10.29               12749.00            2421                
97			1238                3                   20052.00            496.00              19556.00            1239                620.17              10.16               12586.00            2403                
98			1238                3                   19743.00            493.00              19250.00            1239                620.23              6.78                8401.00             2401                
99			1238                3                   19681.00            495.00              19186.00            1239                620.31              7.07                8756.00             2422                
100			1238                3                   19780.00            490.00              19290.00            1239                620.09              7.01                8690.00             2422                
101			1238                3                   20216.00            490.00              19726.00            1239                620.12              10.42               12912.00            2403                
102			1238                3                   20114.00            495.00              19619.00            1239                620.29              6.82                8444.00             2422                
103			1238                3                   20397.00            494.00              19903.00            1239                620.40              6.91                8565.00             2422                
104			1238                3                   19822.00            507.00              19315.00            1239                620.92              9.68                11994.00            2457                
105			1238                3                   19710.00            506.00              19204.00            1239                620.71              9.67                11986.00            2421                
106			1238                3                   20336.00            489.00              19847.00            1239                620.65              6.97                8639.00             2403                
107			1238                3                   19832.00            496.00              19336.00            1239                620.59              7.06                8745.00             2403                
108			1238                3                   19437.00            494.00              18943.00            1239                620.12              9.76                12095.00            2416                
109			1238                3                   19692.00            492.00              19200.00            1239                620.31              9.90                12269.00            2424                
110			1238                3                   19511.00            492.00              19019.00            1239                620.14              9.68                11993.00            2396                
111			1238                3                   20495.00            495.00              20000.00            1239                620.20              10.55               13066.00            2424                
112			1238                3                   19850.00            489.00              19361.00            1239                620.88              9.84                12188.00            2400                
113			1238                3                   19638.00            490.00              19148.00            1239                620.24              6.77                8385.00             2401                
114			1238                3                   19744.00            494.00              19250.00            1239                620.23              7.04                8720.00             2422                
115			1238                3                   20520.00            495.00              20025.00            1239                620.35              10.56               13089.00            2403                
116			1238                3                   19675.00            490.00              19185.00            1239                620.21              9.87                12224.00            2403                
117			1238                3                   19705.00            492.00              19213.00            1239                620.52              6.81                8443.00             2422                
118			1238                3                   20285.00            493.00              19792.00            1239                620.27              10.37               12850.00            2424                
119			1238                3                   19821.00            489.00              19332.00            1239                620.12              9.91                12281.00            2403                
120			1238                3                   20737.00            523.00              20214.00            1239                620.12              6.96                8624.00             2422                
121			1238                3                   19896.00            499.00              19397.00            1239                620.75              7.10                8801.00             2403                
122			1238                3                   19758.00            500.00              19258.00            1239                620.24              9.86                12222.00            2403                
123			1238                3                   19701.00            496.00              19205.00            1239                620.33              9.91                12274.00            2424                
124			1238                3                   20766.00            499.00              20267.00            1239                620.28              6.92                8575.00             2401                
125			1238                3                   21776.00            493.00              21283.00            1239                620.63              11.43               14158.00            2421                
126			1238                3                   20979.00            497.00              20482.00            1239                620.21              7.09                8787.00             2401                
127			1238                3                   20454.00            493.00              19961.00            1239                620.25              7.05                8740.00             2422                
128			1238                3                   20092.00            497.00              19595.00            1239                620.17              6.91                8562.00             2422                
129			1238                3                   20824.00            498.00              20326.00            1239                620.25              6.95                8610.00             2422                
130			1238                3                   20265.00            499.00              19766.00            1239                620.21              10.11               12530.00            2395                
131			1238                3                   19788.00            498.00              19290.00            1239                620.23              9.90                12269.00            2403                
132			1238                3                   20773.00            495.00              20278.00            1239                620.10              10.64               13183.00            2403                
133			1238                3                   20712.00            497.00              20215.00            1239                620.40              10.64               13187.00            2424                
134			1238                3                   19923.00            497.00              19426.00            1239                620.68              10.01               12399.00            2403                
135			1238                3                   19961.00            501.00              19460.00            1239                620.68              9.83                12175.00            2400                
136			1238                3                   20519.00            495.00              20024.00            1239                620.72              7.00                8678.00             2403                
137			1238                3                   20734.00            494.00              20240.00            1239                620.28              10.71               13266.00            2395                
138			1238                3                   21101.00            487.00              20614.00            1239                620.46              6.85                8484.00             2401                
139			1238                3                   20345.00            506.00              19839.00            1239                620.30              10.29               12750.00            2403                
140			1238                3                   20088.00            492.00              19596.00            1239                620.48              9.95                12333.00            2424                
141			1238                3                   20044.00            493.00              19551.00            1239                620.58              7.07                8757.00             2424                
142			1238                3                   20018.00            492.00              19526.00            1239                620.13              6.95                8609.00             2401                
143			1238                3                   22169.00            492.00              21677.00            1239                620.80              11.77               14580.00            2423                
144			1238                3                   20105.00            504.00              19601.00            1239                620.36              10.12               12534.00            2403                
145			1238                3                   21681.00            495.00              21186.00            1239                620.61              11.38               14097.00            2457                
146			1238                3                   20846.00            495.00              20351.00            1239                620.81              10.57               13095.00            2421                
147			1238                3                   20273.00            498.00              19775.00            1239                620.10              6.99                8662.00             2422                
148			1238                3                   20370.00            500.00              19870.00            1239                620.45              10.23               12681.00            2403                
149			1238                3                   21148.00            503.00              20645.00            1239                620.14              10.72               13279.00            2403                
150			1238                3                   20405.00            498.00              19907.00            1239                620.39              7.03                8708.00             2422                
151			1238                3                   20123.00            499.00              19624.00            1239                620.23              10.05               12451.00            2403                
152			1238                3                   20833.00            500.00              20333.00            1239                620.20              6.98                8645.00             2422                
153			1238                3                   20463.00            498.00              19965.00            1239                620.80              7.23                8963.00             2403                
154			1238                3                   20638.00            537.00              20101.00            1239                620.18              6.91                8556.00             2422                
155			1238                3                   20773.00            493.00              20280.00            1239                620.73              10.54               13059.00            2401                
156			1238                3                   20284.00            493.00              19791.00            1239                620.28              6.78                8401.00             2401                
157			1238                3                   19856.00            496.00              19360.00            1239                620.33              6.84                8475.00             2422                
158			1238                3                   19512.00            492.00              19020.00            1239                620.29              9.78                12121.00            2424                
159			1238                3                   19690.00            494.00              19196.00            1239                620.40              6.79                8410.00             2422                
160			1238                3                   19441.00            494.00              18947.00            1239                620.76              9.50                11767.00            2400                
161			1238                3                   20814.00            496.00              20318.00            1239                620.20              6.95                8617.00             2401                
162			1238                3                   19398.00            491.00              18907.00            1239                620.95              9.56                11841.00            2400                
163			1238                3                   19601.00            501.00              19100.00            1239                620.29              9.82                12166.00            2424                
164			1238                3                   19623.00            501.00              19122.00            1239                620.40              6.80                8431.00             2401                
165			1238                3                   22246.00            501.00              21745.00            1239                620.37              12.01               14879.00            2424                
166			1238                2                   20475.00            489.00              19986.00            1239                620.15              7.04                8728.00             2404                
167			1238                4                   20018.00            494.00              19524.00            1239                620.89              10.16               12585.00            2405                
168			1238                4                   20115.00            496.00              19619.00            1239                621.13              7.13                8830.00             2405                
169			1238                4                   21138.00            495.00              20643.00            1239                620.98              7.35                9106.00             2402                
170			1238                4                   19823.00            495.00              19328.00            1239                621.01              10.03               12432.00            2405                
171			1238                4                   21082.00            499.00              20583.00            1239                621.44              7.44                9219.00             2423                
172			1238                4                   20115.00            494.00              19621.00            1239                621.13              7.25                8985.00             2423                
173			1238                4                   20876.00            495.00              20381.00            1239                621.44              7.37                9129.00             2402                
174			1238                4                   21025.00            499.00              20526.00            1239                620.90              7.30                9041.00             2402                
175			1238                4                   21480.00            496.00              20984.00            1239                620.95              7.42                9189.00             2402                
176			1238                4                   20533.00            499.00              20034.00            1239                621.23              10.74               13301.00            2438                
177			1238                4                   20008.00            502.00              19506.00            1239                621.25              10.03               12426.00            2405                
178			1238                4                   20895.00            496.00              20399.00            1239                621.01              10.71               13264.00            2425                
179			1238                4                   20302.00            496.00              19806.00            1239                620.92              10.24               12683.00            2405                
180			1238                4                   19763.00            495.00              19268.00            1239                620.92              9.97                12348.00            2405                
181			1238                4                   19955.00            497.00              19458.00            1239                621.05              10.00               12395.00            2425                
182			1238                4                   20521.00            497.00              20024.00            1239                620.96              7.22                8951.00             2402                
183			1238                4                   19888.00            495.00              19393.00            1239                621.09              9.93                12306.00            2425                
184			1238                4                   20404.00            493.00              19911.00            1239                621.56              10.62               13164.00            2463                
185			1238                4                   21099.00            497.00              20602.00            1239                620.97              7.44                9221.00             2423                
186			1238                4                   21525.00            490.00              21035.00            1239                620.93              7.36                9124.00             2423                
187			1238                4                   19900.00            493.00              19407.00            1239                620.98              10.01               12402.00            2405                
188			1238                4                   20797.00            497.00              20300.00            1239                621.12              10.63               13169.00            2405                
189			1238                4                   20013.00            517.00              19496.00            1239                621.34              10.05               12446.00            2404                
190			1238                4                   19776.00            500.00              19276.00            1239                621.17              7.30                9040.00             2423                
191			1238                4                   20998.00            503.00              20495.00            1239                621.17              7.39                9154.00             2402                
192			1238                4                   20439.00            495.00              19944.00            1239                620.91              10.40               12890.00            2404                
193			1238                4                   20730.00            497.00              20233.00            1239                620.90              10.60               13137.00            2425                
194			1238                4                   20031.00            500.00              19531.00            1239                620.99              10.08               12489.00            2405                
195			1238                4                   19970.00            494.00              19476.00            1239                621.48              7.12                8827.00             2425                
196			1238                4                   20808.00            499.00              20309.00            1239                621.25              7.36                9122.00             2424                
197			1238                4                   20692.00            498.00              20194.00            1239                620.94              7.16                8877.00             2405                
198			1238                4                   20027.00            503.00              19524.00            1239                620.96              7.33                9087.00             2423                
199			1238                4                   20711.00            495.00              20216.00            1239                621.20              10.61               13140.00            2404                
200			1238                4                   20168.00            500.00              19668.00            1239                621.45              7.19                8910.00             2405                
201			1238                4                   20084.00            498.00              19586.00            1239                621.82              7.43                9206.00             2458                
202			1238                4                   19982.00            495.00              19487.00            1239                621.55              7.32                9072.00             2402                
203			1238                4                   19905.00            543.00              19362.00            1239                621.36              7.10                8791.00             2423                
204			1238                4                   22145.00            494.00              21651.00            1239                621.14              7.23                8952.00             2423                
205			1238                4                   20684.00            496.00              20188.00            1239                621.13              10.71               13275.00            2425                
206			1238                4                   22077.00            497.00              21580.00            1239                621.11              7.32                9075.00             2402                
207			1238                4                   19886.00            497.00              19389.00            1239                621.26              7.33                9085.00             2423                
208			1238                4                   21561.00            492.00              21069.00            1239                621.01              7.23                8958.00             2402                
209			1238                4                   20549.00            502.00              20047.00            1239                621.16              7.19                8909.00             2423                
210			1238                4                   19959.00            503.00              19456.00            1239                621.39              10.21               12650.00            2443                
211			1238                4                   20440.00            491.00              19949.00            1239                620.97              7.26                8990.00             2402                
212			1238                4                   19903.00            493.00              19410.00            1239                621.02              7.19                8906.00             2443                
213			1238                4                   20334.00            491.00              19843.00            1239                621.10              7.19                8904.00             2423                
214			1238                4                   19826.00            497.00              19329.00            1239                620.88              9.97                12359.00            2425                
215			1238                4                   22468.00            493.00              21975.00            1239                620.91              12.15               15058.00            2425                
216			1238                4                   20254.00            494.00              19760.00            1239                621.08              10.44               12936.00            2405                
217			1238                4                   19994.00            499.00              19495.00            1239                621.19              10.10               12516.00            2425                
218			1238                4                   19961.00            499.00              19462.00            1239                621.71              7.18                8893.00             2442                
219			1238                4                   20471.00            494.00              19977.00            1239                621.50              10.71               13266.00            2442                
220			1238                4                   20168.00            498.00              19670.00            1239                621.44              7.13                8834.00             2425                
221			1238                4                   22220.00            498.00              21722.00            1239                621.38              7.36                9121.00             2402                
222			1238                4                   19952.00            499.00              19453.00            1239                620.91              7.40                9167.00             2402                
223			1238                4                   20883.00            500.00              20383.00            1239                621.11              7.38                9144.00             2402                
224			1238                4                   19863.00            498.00              19365.00            1239                620.94              10.23               12681.00            2424                
225			1238                4                   20497.00            502.00              19995.00            1239                621.00              10.81               13392.00            2406                
226			1238                4                   20181.00            498.00              19683.00            1239                621.68              10.31               12768.00            2423                
227			1238                4                   19753.00            495.00              19258.00            1239                621.03              7.28                9025.00             2423                
228			1238                4                   20023.00            500.00              19523.00            1239                621.02              7.37                9131.00             2423                
229			1238                4                   19876.00            498.00              19378.00            1239                621.14              9.87                12231.00            2405                
230			1238                4                   19925.00            502.00              19423.00            1239                621.01              7.40                9163.00             2423                
231			1238                4                   21150.00            499.00              20651.00            1239                621.32              10.89               13490.00            2404                
232			1238                4                   20877.00            498.00              20379.00            1239                621.06              7.37                9134.00             2423                
233			1238                4                   21761.00            544.00              21217.00            1239                620.91              11.34               14054.00            2426                
234			1238                4                   20336.00            495.00              19841.00            1239                620.91              10.42               12908.00            2425                
235			1238                4                   20135.00            499.00              19636.00            1239                621.54              10.28               12734.00            2443                
236			1238                4                   20367.00            498.00              19869.00            1239                621.03              10.20               12641.00            2405                
237			1238                4                   20449.00            500.00              19949.00            1239                621.12              7.55                9354.00             2402                
238			1238                4                   19853.00            501.00              19352.00            1239                621.07              7.34                9094.00             2423                
239			1238                4                   19768.00            495.00              19273.00            1239                621.42              7.08                8768.00             2404                
240			1238                4                   19778.00            492.00              19286.00            1239                621.00              9.96                12340.00            2425                
241			1238                4                   20071.00            497.00              19574.00            1239                621.05              10.12               12542.00            2426                
242			1238                4                   20084.00            494.00              19590.00            1239                620.96              10.29               12754.00            2459                
243			1238                4                   20880.00            502.00              20378.00            1239                621.05              10.95               13566.00            2459                
244			1238                4                   20820.00            497.00              20323.00            1239                621.00              7.49                9275.00             2402                
245			1238                4                   19990.00            495.00              19495.00            1239                621.03              9.99                12374.00            2425                
246			1238                4                   20525.00            497.00              20028.00            1239                620.89              10.56               13083.00            2426                
247			1238                4                   19926.00            499.00              19427.00            1239                621.20              7.30                9047.00             2402                
248			1238                4                   20646.00            499.00              20147.00            1239                621.47              10.61               13148.00            2426                
249			1238                4                   20634.00            496.00              20138.00            1239                621.47              7.11                8805.00             2425                
250			1238                4                   19713.00            503.00              19210.00            1239                621.52              7.25                8987.00             2463                
251			1238                4                   19993.00            493.00              19500.00            1239                621.07              10.00               12396.00            2405                
252			1238                4                   20838.00            492.00              20346.00            1239                621.25              7.29                9030.00             2402                
253			1238                4                   20914.00            492.00              20422.00            1239                621.09              7.48                9262.00             2443                
254			1238                4                   21789.00            489.00              21300.00            1239                621.27              11.56               14324.00            2425                
255			1238                4                   19746.00            491.00              19255.00            1239                621.38              7.18                8900.00             2423                
256			1238                4                   20465.00            495.00              19970.00            1239                620.92              7.23                8953.00             2403                
257			1238                4                   19988.00            494.00              19494.00            1239                621.59              10.11               12522.00            2425                
258			1238                4                   19602.00            495.00              19107.00            1239                621.15              7.24                8976.00             2423                
259			1238                4                   19780.00            494.00              19286.00            1239                621.41              10.17               12599.00            2438                
260			1238                4                   19994.00            505.00              19489.00            1239                621.60              9.93                12303.00            2465                
261			1238                4                   20375.00            498.00              19877.00            1239                620.89              7.31                9054.00             2423                
262			1238                4                   22120.00            497.00              21623.00            1239                621.24              11.69               14481.00            2425                
263			1238                4                   19948.00            498.00              19450.00            1239                620.93              10.00               12392.00            2404                
264			1238                4                   20658.00            497.00              20161.00            1239                621.18              10.55               13074.00            2425                
265			1238                4                   21859.00            500.00              21359.00            1239                621.03              7.13                8830.00             2427                
266			1238                4                   20506.00            491.00              20015.00            1239                620.99              10.54               13056.00            2426                
267			1238                4                   20327.00            499.00              19828.00            1239                621.59              7.20                8919.00             2404                
268			1238                4                   20334.00            497.00              19837.00            1239                620.97              7.47                9256.00             2423                
269			1238                4                   19814.00            496.00              19318.00            1239                621.53              7.31                9063.00             2443                
270			1238                4                   20445.00            495.00              19950.00            1239                621.07              10.43               12917.00            2425                
271			1238                4                   19977.00            500.00              19477.00            1239                621.12              7.36                9117.00             2423                
272			1238                4                   20902.00            499.00              20403.00            1239                621.08              11.00               13629.00            2459                
273			1238                4                   19983.00            499.00              19484.00            1239                621.19              10.20               12638.00            2438                
274			1238                4                   20225.00            498.00              19727.00            1239                621.55              7.27                9005.00             2405                
275			1238                4                   20653.00            495.00              20158.00            1239                620.99              10.68               13236.00            2405                
276			1238                4                   19791.00            501.00              19290.00            1239                621.74              7.16                8869.00             2404                
277			1238                4                   20369.00            499.00              19870.00            1239                621.08              7.38                9146.00             2423                
278			1238                4                   20259.00            497.00              19762.00            1239                621.20              7.38                9147.00             2423                
279			1238                4                   20834.00            496.00              20338.00            1239                621.17              7.31                9060.00             2423                
280			1238                1                   22001.00            504.00              21497.00            1239                619.79              11.52               14273.00            2421                
281			1238                1                   20248.00            545.00              19703.00            1239                619.82              10.01               12406.00            2395                
282			1238                1                   19663.00            497.00              19166.00            1239                619.31              9.63                11929.00            2422                
283			1238                11                  21463.00            502.00              20961.00            1239                623.12              7.74                9589.00             2607                
284			1238                1                   19456.00            492.00              18964.00            1239                619.33              9.50                11772.00            2401                
285			1238                1                   20091.00            495.00              19596.00            1239                619.50              10.11               12525.00            2401                
286			1238                1                   19649.00            492.00              19157.00            1239                619.70              6.96                8624.00             2424                
287			1238                1                   19758.00            497.00              19261.00            1239                619.80              6.85                8489.00             2422                
288			1238                7                   22853.00            500.00              22353.00            1239                622.24              12.21               15124.00            2441                
289			1238                1                   19759.00            501.00              19258.00            1239                619.06              9.86                12211.00            2403                
290			1238                1                   20010.00            500.00              19510.00            1239                619.28              9.84                12196.00            2401                
291			1238                1                   21859.00            498.00              21361.00            1239                619.89              11.51               14264.00            2403                
292			1238                1                   19794.00            495.00              19299.00            1239                619.15              9.69                12006.00            2422                
293			1238                1                   21090.00            496.00              20594.00            1239                619.33              10.97               13596.00            2424                
294			1238                1                   20525.00            495.00              20030.00            1239                619.05              10.49               12998.00            2401                
295			1238                1                   20496.00            495.00              20001.00            1239                619.11              10.36               12834.00            2422                
296			1238                1                   20176.00            501.00              19675.00            1239                619.15              10.08               12487.00            2424                
297			1238                1                   20727.00            503.00              20224.00            1239                619.23              6.98                8650.00             2401                
298			1238                1                   19954.00            500.00              19454.00            1239                619.27              9.89                12256.00            2422                
299			1238                3                   19939.00            497.00              19442.00            1239                619.32              9.98                12360.00            2404                
300			1238                1                   19899.00            494.00              19405.00            1239                619.15              9.77                12100.00            2422                
301			1238                1                   20680.00            501.00              20179.00            1239                619.15              6.96                8625.00             2422                
302			1238                1                   20389.00            501.00              19888.00            1239                619.50              9.97                12352.00            2417                
303			1238                1                   21701.00            505.00              21196.00            1239                619.40              7.50                9292.00             2401                
304			1238                1                   21958.00            509.00              21449.00            1239                619.40              11.23               13908.00            2401                
305			1238                1                   21491.00            510.00              20981.00            1239                619.88              10.52               13035.00            2421                
306			1238                1                   21365.00            552.00              20813.00            1239                619.24              10.34               12811.00            2404                
307			1238                1                   21418.00            513.00              20905.00            1239                619.77              7.58                9388.00             2421                
308			1238                1                   22281.00            509.00              21772.00            1239                619.77              7.59                9407.00             2400                
309			1238                1                   21275.00            512.00              20763.00            1239                619.17              7.72                9566.00             2396                
310			1238                1                   21080.00            510.00              20570.00            1239                619.40              10.15               12582.00            2422                
311			1238                1                   21766.00            508.00              21258.00            1239                619.05              10.79               13370.00            2404                
312			1238                1                   23244.00            509.00              22735.00            1239                619.30              11.92               14774.00            2401                
313			1238                4                   20464.00            508.00              19956.00            1239                620.62              10.22               12658.00            2401                
314			1238                2                   20610.00            503.00              20107.00            1239                619.57              7.50                9290.00             2425                
315			1238                1                   21361.00            509.00              20852.00            1239                619.53              10.36               12835.00            2400                
316			1238                1                   21165.00            512.00              20653.00            1239                619.59              7.62                9437.00             2424                
317			1238                1                   21246.00            513.00              20733.00            1239                619.55              7.49                9285.00             2422                
318			1238                1                   22267.00            519.00              21748.00            1239                619.04              11.33               14037.00            2403                
319			1238                1                   21286.00            510.00              20776.00            1239                619.29              10.37               12848.00            2401                
320			1238                1                   23751.00            518.00              23233.00            1239                619.71              12.30               15240.00            2400                
321			1238                1                   21634.00            508.00              21126.00            1239                619.43              7.63                9450.00             2401                
322			1238                1                   22224.00            510.00              21714.00            1239                619.27              11.34               14055.00            2403                
323			1238                1                   21493.00            514.00              20979.00            1239                619.27              10.54               13063.00            2422                
324			1238                1                   21304.00            510.00              20794.00            1239                619.53              7.70                9541.00             2401                
325			1238                1                   23298.00            508.00              22790.00            1239                619.72              12.01               14883.00            2400                
326			1238                1                   21103.00            510.00              20593.00            1239                619.77              10.50               13007.00            2403                
327			1238                1                   21324.00            506.00              20818.00            1239                619.51              10.89               13488.00            2424                
328			1238                1                   21062.00            497.00              20565.00            1239                619.27              10.80               13382.00            2403                
329			1238                1                   22666.00            532.00              22134.00            1239                619.77              12.05               14934.00            2365                
330			1238                1                   21438.00            493.00              20945.00            1239                619.67              7.11                8810.00             2401                
331			1238                2                   20183.00            489.00              19694.00            1239                619.92              10.10               12516.00            2401                
332			1238                1                   21084.00            494.00              20590.00            1239                619.70              7.19                8905.00             2403                
333			-1                  -1                  -1                  -1                  -1                  -1                  -1                  -1                  -1                  -1                  
334			-1                  -1                  -1                  -1                  -1                  -1                  -1                  -1                  -1                  -1                  
335			-1                  -1                  -1                  -1                  -1                  -1                  -1                  -1                  -1                  -1                  
336			-1                  -1                  -1                  -1                  -1                  -1                  -1                  -1                  -1                  -1                  
337			-1                  -1                  -1                  -1                  -1                  -1                  -1                  -1                  -1                  -1                  
338			-1                  -1                  -1                  -1                  -1                  -1                  -1                  -1                  -1                  -1                  
339			-1                  -1                  -1                  -1                  -1                  -1                  -1                  -1                  -1                  -1                  
340			-1                  -1                  -1                  -1                  -1                  -1                  -1                  -1                  -1                  -1                  
341			-1                  -1                  -1                  -1                  -1                  -1                  -1                  -1                  -1                  -1                  
342			-1                  -1                  -1                  -1                  -1                  -1                  -1                  -1                  -1                  -1                  
343			-1                  -1                  -1                  -1                  -1                  -1                  -1                  -1                  -1                  -1                  
344			-1                  -1                  -1                  -1                  -1                  -1                  -1                  -1                  -1                  -1                  
345			-1                  -1                  -1                  -1                  -1                  -1                  -1                  -1                  -1                  -1                  
346			-1                  -1                  -1                  -1                  -1                  -1                  -1                  -1                  -1                  -1                  
347			-1                  -1                  -1                  -1                  -1                  -1                  -1                  -1                  -1                  -1                  
348			-1                  -1                  -1                  -1                  -1                  -1                  -1                  -1                  -1                  -1                  
