1			321                 1                   365.00              271.00              94.00               12                  61.50               9.33                112.00              22                  
2			321                 3                   628.00              269.00              359.00              65                  38.42               3.11                202.00              32                  
3			321                 3                   668.00              276.00              392.00              66                  40.44               3.36                222.00              43                  
4			321                 1                   362.00              268.00              94.00               14                  52.93               8.14                114.00              22                  
5			321                 3                   656.00              269.00              387.00              67                  40.58               3.19                214.00              43                  
6			321                 1                   348.00              267.00              81.00               12                  55.67               9.08                109.00              22                  
7			321                 1                   354.00              268.00              86.00               12                  56.92               9.25                111.00              22                  
8			321                 3                   462.00              274.00              188.00              52                  20.65               3.12                162.00              22                  
9			321                 1                   357.00              269.00              88.00               12                  57.33               9.08                109.00              22                  
10			321                 3                   722.00              275.00              447.00              65                  57.35               3.83                249.00              53                  
11			321                 1                   383.00              270.00              113.00              15                  56.47               7.93                119.00              22                  
12			321                 3                   667.00              283.00              384.00              57                  48.63               3.75                214.00              32                  
13			321                 1                   399.00              271.00              128.00              16                  57.06               7.81                125.00              22                  
14			321                 1                   354.00              272.00              82.00               14                  47.93               7.86                110.00              22                  
15			321                 1                   363.00              268.00              95.00               15                  49.07               7.47                112.00              22                  
16			321                 3                   695.00              269.00              426.00              73                  48.11               3.19                233.00              43                  
17			321                 1                   367.00              272.00              95.00               14                  51.86               8.43                118.00              22                  
18			321                 3                   720.00              269.00              451.00              80                  45.16               3.05                244.00              53                  
19			321                 1                   377.00              267.00              110.00              13                  63.77               8.85                115.00              22                  
20			321                 3                   756.00              274.00              482.00              84                  45.31               3.01                253.00              43                  
21			321                 1                   360.00              271.00              89.00               14                  50.07               8.21                115.00              22                  
22			321                 3                   719.00              267.00              452.00              72                  52.06               3.33                240.00              43                  
23			321                 1                   369.00              270.00              99.00               16                  47.25               7.38                118.00              22                  
24			321                 3                   547.00              268.00              279.00              65                  27.08               2.85                185.00              32                  
25			321                 1                   384.00              267.00              117.00              14                  61.71               8.57                120.00              22                  
26			321                 3                   488.00              270.00              218.00              50                  26.08               3.28                164.00              22                  
27			321                 1                   366.00              271.00              95.00               12                  63.17               9.17                110.00              22                  
28			321                 1                   377.00              270.00              107.00              13                  62.62               8.92                116.00              22                  
29			321                 1                   356.00              272.00              84.00               11                  61.64               10.00               110.00              22                  
30			321                 3                   728.00              269.00              459.00              81                  45.80               2.99                242.00              43                  
31			321                 1                   374.00              267.00              107.00              17                  46.82               7.00                119.00              22                  
32			321                 3                   700.00              269.00              431.00              74                  45.72               3.18                235.00              53                  
33			321                 1                   349.00              267.00              82.00               13                  51.77               8.38                109.00              22                  
34			321                 3                   644.00              272.00              372.00              63                  39.71               3.46                218.00              32                  
35			321                 1                   359.00              266.00              93.00               13                  56.38               8.38                109.00              22                  
36			321                 3                   649.00              276.00              373.00              64                  40.98               3.34                214.00              32                  
37			321                 1                   362.00              274.00              88.00               12                  57.33               9.50                114.00              22                  
38			321                 3                   646.00              271.00              375.00              66                  41.55               3.35                221.00              43                  
39			321                 1                   345.00              266.00              79.00               13                  49.69               8.31                108.00              22                  
40			321                 3                   745.00              276.00              469.00              66                  56.15               3.73                246.00              53                  
41			321                 1                   357.00              272.00              85.00               13                  52.38               8.69                113.00              22                  
42			321                 3                   759.00              272.00              487.00              82                  47.37               3.11                255.00              43                  
43			321                 1                   372.00              268.00              104.00              14                  56.29               8.29                116.00              22                  
44			321                 3                   721.00              269.00              452.00              79                  44.92               3.05                241.00              53                  
45			321                 1                   382.00              269.00              113.00              15                  56.80               8.00                120.00              22                  
46			321                 3                   759.00              273.00              486.00              82                  49.23               3.18                261.00              43                  
47			321                 1                   363.00              272.00              91.00               15                  47.07               7.47                112.00              22                  
48			321                 3                   469.00              271.00              198.00              49                  24.86               3.08                151.00              22                  
49			321                 1                   399.00              269.00              130.00              14                  63.93               8.86                124.00              22                  
50			321                 3                   840.00              303.00              537.00              73                  57.58               3.86                282.00              43                  
51			321                 1                   363.00              271.00              92.00               12                  60.67               9.50                114.00              22                  
52			321                 3                   728.00              269.00              459.00              68                  58.79               3.59                244.00              43                  
53			321                 1                   352.00              270.00              82.00               13                  50.85               8.46                110.00              22                  
54			321                 3                   719.00              276.00              443.00              70                  51.27               3.29                230.00              43                  
55			321                 1                   376.00              270.00              106.00              12                  67.42               9.75                117.00              22                  
56			321                 3                   595.00              271.00              324.00              54                  37.87               3.80                205.00              32                  
57			321                 1                   380.00              267.00              113.00              16                  52.31               7.56                121.00              22                  
58			321                 1                   354.00              266.00              88.00               14                  49.36               7.86                110.00              22                  
59			321                 3                   541.00              277.00              264.00              54                  31.72               3.24                175.00              32                  
60			321                 1                   346.00              270.00              76.00               12                  53.42               9.17                110.00              22                  
61			321                 3                   646.00              272.00              374.00              69                  37.43               3.07                212.00              32                  
62			321                 1                   349.00              267.00              82.00               11                  61.64               9.91                109.00              22                  
63			321                 3                   695.00              273.00              422.00              63                  52.00               3.65                230.00              53                  
64			321                 1                   360.00              270.00              90.00               14                  49.00               8.21                115.00              22                  
65			321                 3                   590.00              271.00              319.00              63                  35.24               3.13                197.00              32                  
66			321                 1                   362.00              271.00              91.00               12                  60.25               9.42                113.00              22                  
67			321                 3                   630.00              300.00              330.00              60                  32.53               3.47                208.00              32                  
68			321                 1                   383.00              292.00              91.00               15                  46.40               7.60                114.00              22                  
69			321                 3                   543.00              273.00              270.00              49                  36.33               3.61                177.00              32                  
70			321                 1                   367.00              269.00              98.00               13                  58.69               8.92                116.00              22                  
71			321                 3                   606.00              274.00              332.00              52                  45.15               3.71                193.00              32                  
72			321                 1                   353.00              271.00              82.00               14                  46.86               8.00                112.00              22                  
73			321                 3                   543.00              269.00              274.00              55                  33.47               3.25                179.00              32                  
74			321                 1                   349.00              268.00              81.00               14                  46.86               7.86                110.00              22                  
75			321                 3                   523.00              270.00              253.00              57                  26.96               2.98                170.00              32                  
76			321                 1                   361.00              273.00              88.00               13                  53.31               8.62                112.00              22                  
77			321                 3                   668.00              268.00              400.00              65                  46.11               3.40                221.00              53                  
78			321                 1                   344.00              267.00              77.00               12                  53.42               9.25                111.00              22                  
79			321                 3                   732.00              271.00              461.00              80                  43.14               3.11                249.00              53                  
80			321                 1                   363.00              280.00              83.00               14                  47.57               8.57                120.00              22                  
81			321                 3                   721.00              271.00              450.00              70                  51.24               3.49                244.00              43                  
82			321                 1                   367.00              274.00              93.00               12                  60.67               9.33                112.00              22                  
83			321                 3                   786.00              276.00              510.00              79                  52.33               3.34                264.00              63                  
84			321                 1                   361.00              272.00              89.00               11                  65.27               10.00               110.00              22                  
85			321                 3                   654.00              280.00              374.00              62                  41.71               3.45                214.00              32                  
86			321                 1                   372.00              282.00              90.00               13                  52.38               8.85                115.00              22                  
87			321                 3                   659.00              272.00              387.00              66                  42.53               3.35                221.00              43                  
88			321                 1                   354.00              272.00              82.00               11                  59.82               10.18               112.00              22                  
89			321                 3                   786.00              273.00              513.00              88                  49.67               3.01                265.00              63                  
90			321                 3                   796.00              274.00              522.00              89                  47.42               3.06                272.00              53                  
91			321                 1                   376.00              273.00              103.00              16                  48.50               7.31                117.00              22                  
92			321                 3                   596.00              271.00              325.00              61                  36.77               3.28                200.00              32                  
93			321                 1                   374.00              270.00              104.00              12                  67.00               9.67                116.00              22                  
94			321                 3                   709.00              271.00              438.00              72                  47.21               3.32                239.00              53                  
95			321                 1                   352.00              270.00              82.00               14                  47.93               7.93                111.00              22                  
96			321                 3                   679.00              269.00              410.00              63                  51.65               3.63                229.00              43                  
97			321                 1                   408.00              286.00              122.00              17                  51.59               7.29                124.00              22                  
98			321                 3                   736.00              272.00              464.00              85                  42.07               2.94                250.00              53                  
99			321                 1                   392.00              272.00              120.00              14                  61.00               8.50                119.00              22                  
100			321                 3                   707.00              270.00              437.00              74                  45.38               3.16                234.00              43                  
101			321                 1                   360.00              272.00              88.00               14                  49.36               8.07                113.00              22                  
102			321                 3                   721.00              271.00              450.00              81                  42.11               3.00                243.00              53                  
103			321                 1                   370.00              270.00              100.00              13                  59.85               8.69                113.00              22                  
104			321                 1                   390.00              271.00              119.00              13                  68.08               9.38                122.00              22                  
105			321                 3                   626.00              272.00              354.00              72                  32.56               2.86                206.00              32                  
106			321                 1                   379.00              268.00              111.00              14                  60.14               8.57                120.00              22                  
107			321                 3                   543.00              270.00              273.00              55                  32.16               3.31                182.00              32                  
108			321                 1                   373.00              268.00              105.00              12                  67.42               9.67                116.00              22                  
109			321                 1                   373.00              270.00              103.00              11                  72.64               10.36               114.00              22                  
110			321                 3                   591.00              272.00              319.00              61                  35.34               3.21                196.00              32                  
111			321                 1                   360.00              270.00              90.00               13                  54.46               8.46                110.00              22                  
112			321                 3                   584.00              268.00              316.00              50                  47.06               3.72                186.00              32                  
