1			233                 1                   197.00              -1.00               -1.00               5                   -1.00               -1.00               197.00              24456592            
2			233                 1                   185.00              -1.00               -1.00               5                   -1.00               -1.00               185.00              24458312            
3			233                 1                   178.00              -1.00               -1.00               3                   -1.00               -1.00               178.00              24420776            
4			233                 1                   182.00              -1.00               -1.00               3                   -1.00               -1.00               182.00              24420224            
5			233                 1                   187.00              -1.00               -1.00               3                   -1.00               -1.00               187.00              24421328            
6			233                 2                   225.00              -1.00               -1.00               7                   -1.00               -1.00               225.00              24482192            
7			233                 2                   234.00              -1.00               -1.00               8                   -1.00               -1.00               234.00              24482360            
8			233                 2                   218.00              -1.00               -1.00               8                   -1.00               -1.00               218.00              24475184            
9			233                 2                   205.00              -1.00               -1.00               5                   -1.00               -1.00               205.00              24472024            
10			233                 2                   230.00              -1.00               -1.00               10                  -1.00               -1.00               230.00              24479688            
11			233                 2                   215.00              -1.00               -1.00               7                   -1.00               -1.00               215.00              24477632            
12			233                 2                   220.00              -1.00               -1.00               8                   -1.00               -1.00               220.00              24478272            
13			233                 2                   215.00              -1.00               -1.00               7                   -1.00               -1.00               215.00              24478272            
14			233                 2                   231.00              -1.00               -1.00               8                   -1.00               -1.00               231.00              24484232            
15			233                 2                   238.00              -1.00               -1.00               5                   -1.00               -1.00               238.00              24477944            
16			233                 1                   209.00              -1.00               -1.00               3                   -1.00               -1.00               209.00              24421680            
17			233                 1                   191.00              -1.00               -1.00               3                   -1.00               -1.00               191.00              24422656            
18			233                 1                   191.00              -1.00               -1.00               3                   -1.00               -1.00               191.00              24421216            
19			233                 1                   191.00              -1.00               -1.00               3                   -1.00               -1.00               191.00              24421616            
20			233                 2                   225.00              -1.00               -1.00               10                  -1.00               -1.00               225.00              24479600            
21			233                 2                   210.00              -1.00               -1.00               5                   -1.00               -1.00               210.00              24472216            
22			233                 1                   191.00              -1.00               -1.00               3                   -1.00               -1.00               191.00              24420304            
23			233                 1                   194.00              -1.00               -1.00               5                   -1.00               -1.00               194.00              24466552            
24			233                 3                   244.00              -1.00               -1.00               12                  -1.00               -1.00               244.00              24495456            
25			233                 2                   209.00              -1.00               -1.00               5                   -1.00               -1.00               209.00              24473888            
26			233                 2                   212.00              -1.00               -1.00               5                   -1.00               -1.00               212.00              24473888            
27			233                 1                   197.00              -1.00               -1.00               5                   -1.00               -1.00               197.00              24467280            
28			233                 1                   186.00              -1.00               -1.00               3                   -1.00               -1.00               186.00              24421800            
29			233                 3                   249.00              -1.00               -1.00               12                  -1.00               -1.00               249.00              24494776            
30			233                 2                   230.00              -1.00               -1.00               9                   -1.00               -1.00               230.00              24486264            
31			233                 2                   230.00              -1.00               -1.00               9                   -1.00               -1.00               230.00              24480824            
32			233                 3                   244.00              -1.00               -1.00               11                  -1.00               -1.00               244.00              24488048            
33			233                 2                   229.00              -1.00               -1.00               8                   -1.00               -1.00               229.00              24479928            
34			233                 2                   218.00              -1.00               -1.00               7                   -1.00               -1.00               218.00              24474248            
35			233                 3                   251.00              -1.00               -1.00               12                  -1.00               -1.00               251.00              24491880            
36			233                 2                   240.00              -1.00               -1.00               10                  -1.00               -1.00               240.00              24497952            
37			233                 2                   214.00              -1.00               -1.00               6                   -1.00               -1.00               214.00              24476200            
38			233                 3                   267.00              -1.00               -1.00               14                  -1.00               -1.00               267.00              24501880            
39			233                 2                   241.00              -1.00               -1.00               9                   -1.00               -1.00               241.00              24483512            
40			233                 2                   222.00              -1.00               -1.00               7                   -1.00               -1.00               222.00              24479712            
41			233                 3                   234.00              -1.00               -1.00               12                  -1.00               -1.00               234.00              24488624            
42			233                 2                   219.00              -1.00               -1.00               7                   -1.00               -1.00               219.00              24481992            
43			233                 2                   204.00              -1.00               -1.00               5                   -1.00               -1.00               204.00              24481680            
44			233                 2                   213.00              -1.00               -1.00               8                   -1.00               -1.00               213.00              24475360            
45			233                 2                   221.00              -1.00               -1.00               8                   -1.00               -1.00               221.00              24475616            
46			233                 1                   197.00              -1.00               -1.00               5                   -1.00               -1.00               197.00              24459104            
47			233                 1                   190.00              -1.00               -1.00               3                   -1.00               -1.00               190.00              24418928            
48			233                 2                   213.00              -1.00               -1.00               5                   -1.00               -1.00               213.00              24475944            
49			233                 2                   220.00              -1.00               -1.00               8                   -1.00               -1.00               220.00              24479008            
50			233                 2                   226.00              -1.00               -1.00               5                   -1.00               -1.00               226.00              24474312            
51			233                 2                   244.00              -1.00               -1.00               8                   -1.00               -1.00               244.00              24474928            
52			233                 1                   195.00              -1.00               -1.00               3                   -1.00               -1.00               195.00              24438984            
53			233                 1                   196.00              -1.00               -1.00               5                   -1.00               -1.00               196.00              24463976            
54			233                 1                   196.00              -1.00               -1.00               5                   -1.00               -1.00               196.00              24456616            
55			233                 1                   198.00              -1.00               -1.00               5                   -1.00               -1.00               198.00              24455416            
56			233                 1                   187.00              -1.00               -1.00               3                   -1.00               -1.00               187.00              24421168            
57			233                 1                   188.00              -1.00               -1.00               3                   -1.00               -1.00               188.00              24421544            
58			233                 1                   194.00              -1.00               -1.00               3                   -1.00               -1.00               194.00              24423816            
59			233                 1                   190.00              -1.00               -1.00               3                   -1.00               -1.00               190.00              24441848            
60			233                 1                   193.00              -1.00               -1.00               3                   -1.00               -1.00               193.00              24440336            
61			233                 2                   201.00              -1.00               -1.00               5                   -1.00               -1.00               201.00              24473104            
62			233                 2                   218.00              -1.00               -1.00               8                   -1.00               -1.00               218.00              24484560            
63			233                 1                   196.00              -1.00               -1.00               5                   -1.00               -1.00               196.00              24458896            
64			233                 1                   188.00              -1.00               -1.00               3                   -1.00               -1.00               188.00              24421112            
65			233                 1                   190.00              -1.00               -1.00               3                   -1.00               -1.00               190.00              24420032            
66			233                 1                   197.00              -1.00               -1.00               5                   -1.00               -1.00               197.00              24458608            
67			233                 2                   212.00              -1.00               -1.00               7                   -1.00               -1.00               212.00              24474232            
68			233                 2                   220.00              -1.00               -1.00               5                   -1.00               -1.00               220.00              24472144            
69			233                 2                   233.00              -1.00               -1.00               8                   -1.00               -1.00               233.00              24474960            
70			233                 2                   204.00              -1.00               -1.00               6                   -1.00               -1.00               204.00              24471080            
71			233                 1                   194.00              -1.00               -1.00               5                   -1.00               -1.00               194.00              24465352            
72			233                 1                   188.00              -1.00               -1.00               3                   -1.00               -1.00               188.00              24433256            
73			233                 1                   187.00              -1.00               -1.00               3                   -1.00               -1.00               187.00              24422776            
74			233                 1                   183.00              -1.00               -1.00               3                   -1.00               -1.00               183.00              24420784            
75			233                 1                   189.00              -1.00               -1.00               5                   -1.00               -1.00               189.00              24459392            
76			233                 1                   185.00              -1.00               -1.00               3                   -1.00               -1.00               185.00              24423912            
77			233                 1                   187.00              -1.00               -1.00               3                   -1.00               -1.00               187.00              24423984            
78			233                 1                   193.00              -1.00               -1.00               3                   -1.00               -1.00               193.00              24438728            
79			233                 1                   191.00              -1.00               -1.00               3                   -1.00               -1.00               191.00              24420448            
80			233                 1                   199.00              -1.00               -1.00               5                   -1.00               -1.00               199.00              24457648            
81			233                 1                   214.00              -1.00               -1.00               3                   -1.00               -1.00               214.00              24420512            
82			233                 1                   188.00              -1.00               -1.00               3                   -1.00               -1.00               188.00              24420640            
83			233                 1                   196.00              -1.00               -1.00               4                   -1.00               -1.00               196.00              24446400            
84			233                 3                   246.00              -1.00               -1.00               13                  -1.00               -1.00               246.00              24494088            
85			233                 1                   199.00              -1.00               -1.00               5                   -1.00               -1.00               199.00              24472648            
86			233                 3                   264.00              -1.00               -1.00               11                  -1.00               -1.00               264.00              24492848            
87			233                 1                   197.00              -1.00               -1.00               4                   -1.00               -1.00               197.00              24430280            
88			233                 3                   220.00              -1.00               -1.00               10                  -1.00               -1.00               220.00              24475296            
89			233                 1                   210.00              -1.00               -1.00               4                   -1.00               -1.00               210.00              24432440            
90			233                 3                   252.00              -1.00               -1.00               12                  -1.00               -1.00               252.00              24482912            
91			233                 1                   198.00              -1.00               -1.00               5                   -1.00               -1.00               198.00              24460152            
92			233                 3                   236.00              -1.00               -1.00               13                  -1.00               -1.00               236.00              24502336            
93			233                 1                   217.00              -1.00               -1.00               4                   -1.00               -1.00               217.00              24427480            
94			233                 3                   248.00              -1.00               -1.00               10                  -1.00               -1.00               248.00              24507264            
95			233                 1                   208.00              -1.00               -1.00               4                   -1.00               -1.00               208.00              24427184            
96			233                 3                   242.00              -1.00               -1.00               13                  -1.00               -1.00               242.00              24484752            
97			233                 3                   235.00              -1.00               -1.00               11                  -1.00               -1.00               235.00              24491136            
98			233                 2                   233.00              -1.00               -1.00               7                   -1.00               -1.00               233.00              24474912            
99			233                 2                   244.00              -1.00               -1.00               9                   -1.00               -1.00               244.00              24476160            
100			233                 1                   213.00              -1.00               -1.00               5                   -1.00               -1.00               213.00              24461216            
101			233                 3                   257.00              -1.00               -1.00               13                  -1.00               -1.00               257.00              24479664            
102			233                 1                   196.00              -1.00               -1.00               5                   -1.00               -1.00               196.00              24464800            
103			233                 3                   226.00              -1.00               -1.00               12                  -1.00               -1.00               226.00              24478392            
104			233                 1                   201.00              -1.00               -1.00               4                   -1.00               -1.00               201.00              24433520            
105			233                 3                   241.00              -1.00               -1.00               11                  -1.00               -1.00               241.00              24478712            
106			233                 3                   234.00              -1.00               -1.00               11                  -1.00               -1.00               234.00              24505200            
107			233                 2                   206.00              -1.00               -1.00               5                   -1.00               -1.00               206.00              24480568            
108			233                 2                   203.00              -1.00               -1.00               5                   -1.00               -1.00               203.00              24480024            
109			233                 3                   276.00              -1.00               -1.00               14                  -1.00               -1.00               276.00              24506720            
110			233                 2                   239.00              -1.00               -1.00               7                   -1.00               -1.00               239.00              24491320            
111			233                 2                   252.00              -1.00               -1.00               10                  -1.00               -1.00               252.00              24497344            
112			233                 3                   290.00              -1.00               -1.00               15                  -1.00               -1.00               290.00              24520800            
113			233                 2                   246.00              -1.00               -1.00               9                   -1.00               -1.00               246.00              24495384            
114			233                 2                   253.00              -1.00               -1.00               9                   -1.00               -1.00               253.00              24494528            
115			233                 3                   232.00              -1.00               -1.00               10                  -1.00               -1.00               232.00              24483432            
116			233                 2                   216.00              -1.00               -1.00               7                   -1.00               -1.00               216.00              24475536            
117			233                 2                   222.00              -1.00               -1.00               7                   -1.00               -1.00               222.00              24477264            
118			233                 3                   242.00              -1.00               -1.00               12                  -1.00               -1.00               242.00              24491056            
119			233                 2                   232.00              -1.00               -1.00               10                  -1.00               -1.00               232.00              24484616            
120			233                 2                   219.00              -1.00               -1.00               8                   -1.00               -1.00               219.00              24477624            
