1			636                 1                   217.00              215.00              2.00                9                   2.44                6.78                61.00               12                  
2			636                 1                   192.00              192.00              0.00                3                   0.67                16.00               48.00               12                  
3			636                 1                   200.00              200.00              0.00                5                   1.00                10.40               52.00               12                  
4			636                 1                   252.00              237.00              15.00               18                  4.44                4.89                88.00               12                  
5			636                 1                   193.00              193.00              0.00                3                   0.67                16.33               49.00               12                  
6			636                 1                   200.00              199.00              1.00                5                   1.00                10.20               51.00               12                  
7			636                 1                   269.00              255.00              14.00               24                  7.17                3.63                87.00               12                  
8			636                 1                   256.00              247.00              9.00                13                  3.85                5.92                77.00               12                  
9			636                 1                   224.00              222.00              2.00                12                  3.17                5.25                63.00               12                  
10			636                 1                   194.00              194.00              0.00                5                   1.00                10.00               50.00               12                  
11			636                 1                   186.00              186.00              0.00                3                   0.67                15.67               47.00               12                  
12			636                 1                   244.00              234.00              10.00               17                  4.00                4.24                72.00               12                  
13			636                 1                   191.00              191.00              0.00                3                   0.67                15.67               47.00               12                  
14			636                 1                   282.00              271.00              11.00               21                  6.48                4.71                99.00               12                  
15			636                 1                   198.00              198.00              0.00                5                   1.00                10.40               52.00               12                  
16			636                 1                   248.00              236.00              12.00               14                  3.29                5.93                83.00               12                  
17			636                 1                   256.00              249.00              7.00                14                  3.71                6.21                87.00               12                  
18			636                 7                   962.00              431.00              531.00              492                 8.42                3.87                1905.00             132                 
19			636                 1                   249.00              239.00              10.00               15                  4.33                5.00                75.00               12                  
20			636                 1                   186.00              186.00              0.00                3                   0.67                15.67               47.00               12                  
21			636                 1                   193.00              193.00              0.00                5                   1.00                10.20               51.00               12                  
22			636                 1                   227.00              223.00              4.00                11                  2.73                5.82                64.00               12                  
23			636                 1                   198.00              198.00              0.00                7                   1.29                7.57                53.00               12                  
24			636                 1                   202.00              200.00              2.00                8                   2.00                6.63                53.00               12                  
25			-1                  -1                  -1                  -1                  -1                  -1                  -1                  -1                  -1                  -1                  
26			636                 1                   186.00              186.00              0.00                3                   0.67                16.67               50.00               12                  
27			636                 1                   214.00              209.00              5.00                11                  2.27                5.45                60.00               12                  
28			636                 1                   187.00              187.00              0.00                3                   0.67                16.00               48.00               12                  
29			636                 1                   202.00              202.00              0.00                7                   1.29                7.71                54.00               12                  
30			-1                  -1                  -1                  -1                  -1                  -1                  -1                  -1                  -1                  -1                  
31			636                 1                   256.00              244.00              12.00               17                  4.00                4.82                82.00               12                  
32			636                 1                   245.00              235.00              10.00               16                  4.81                4.44                71.00               12                  
33			636                 1                   211.00              207.00              4.00                9                   2.00                6.44                58.00               12                  
34			636                 1                   256.00              245.00              11.00               18                  4.83                4.78                86.00               12                  
35			636                 6                   989.00              458.00              531.00              499                 8.41                3.96                1974.00             116                 
36			636                 1                   191.00              191.00              0.00                3                   0.67                16.00               48.00               12                  
37			636                 1                   210.00              208.00              2.00                8                   2.00                6.88                55.00               12                  
38			-1                  -1                  -1                  -1                  -1                  -1                  -1                  -1                  -1                  -1                  
39			636                 1                   189.00              189.00              0.00                3                   0.67                16.00               48.00               12                  
40			636                 1                   200.00              200.00              0.00                5                   1.00                10.40               52.00               12                  
41			636                 1                   243.00              234.00              9.00                15                  4.13                4.93                74.00               12                  
42			-1                  -1                  -1                  -1                  -1                  -1                  -1                  -1                  -1                  -1                  
43			636                 1                   235.00              224.00              11.00               14                  3.29                4.71                66.00               12                  
44			-1                  -1                  -1                  -1                  -1                  -1                  -1                  -1                  -1                  -1                  
45			636                 1                   219.00              219.00              0.00                7                   1.29                8.71                61.00               12                  
46			636                 1                   231.00              225.00              6.00                11                  2.27                5.91                65.00               12                  
47			636                 1                   532.00              503.00              29.00               37                  12.59               6.32                234.00              23                  
48			636                 1                   192.00              192.00              0.00                3                   0.67                16.33               49.00               12                  
49			636                 1                   214.00              209.00              5.00                11                  2.27                5.73                63.00               12                  
50			636                 1                   239.00              235.00              4.00                11                  2.73                6.27                69.00               12                  
51			636                 1                   232.00              227.00              5.00                11                  2.73                7.18                79.00               12                  
52			636                 7                   981.00              443.00              538.00              492                 8.42                3.92                1930.00             131                 
53			636                 1                   207.00              205.00              2.00                8                   2.00                6.75                54.00               12                  
54			636                 1                   194.00              194.00              0.00                5                   1.00                10.40               52.00               12                  
55			636                 1                   190.00              190.00              0.00                3                   0.67                16.67               50.00               12                  
56			636                 1                   242.00              237.00              5.00                15                  4.80                4.80                72.00               12                  
57			636                 1                   251.00              241.00              10.00               17                  4.41                4.65                79.00               12                  
58			636                 3                   1035.00             441.00              594.00              74                  56.01               5.81                430.00              63                  
59			636                 1                   186.00              186.00              0.00                3                   0.67                15.67               47.00               12                  
60			636                 1                   217.00              215.00              2.00                9                   2.44                6.67                60.00               12                  
61			636                 1                   234.00              227.00              7.00                12                  2.75                6.33                76.00               12                  
62			636                 1                   398.00              372.00              26.00               28                  8.50                5.32                149.00              12                  
63			636                 1                   188.00              188.00              0.00                3                   0.67                16.33               49.00               12                  
64			636                 1                   234.00              224.00              10.00               14                  3.71                4.86                68.00               12                  
65			636                 1                   196.00              196.00              0.00                5                   1.00                10.40               52.00               12                  
66			636                 1                   262.00              247.00              15.00               22                  5.82                3.82                84.00               12                  
67			636                 1                   225.00              218.00              7.00                12                  2.75                5.50                66.00               12                  
68			636                 1                   241.00              239.00              2.00                12                  3.17                5.67                68.00               12                  
69			636                 1                   207.00              205.00              2.00                8                   2.00                6.63                53.00               12                  
70			636                 1                   208.00              204.00              4.00                12                  2.75                4.67                56.00               12                  
71			636                 1                   299.00              287.00              12.00               23                  7.57                4.78                110.00              12                  
72			636                 1                   206.00              202.00              4.00                9                   2.00                6.22                56.00               12                  
73			636                 1                   258.00              251.00              7.00                16                  5.25                5.44                87.00               12                  
74			636                 1                   188.00              188.00              0.00                3                   0.67                16.00               48.00               12                  
75			636                 1                   221.00              218.00              3.00                11                  2.73                5.73                63.00               12                  
76			636                 1                   192.00              192.00              0.00                5                   1.00                10.40               52.00               12                  
77			636                 1                   223.00              214.00              9.00                14                  3.29                4.64                65.00               12                  
78			636                 1                   260.00              254.00              6.00                20                  6.45                4.20                84.00               12                  
79			636                 1                   248.00              238.00              10.00               13                  3.38                5.77                75.00               12                  
80			636                 1                   231.00              224.00              7.00                14                  3.71                5.07                71.00               12                  
81			636                 1                   242.00              236.00              6.00                13                  3.85                5.69                74.00               12                  
82			636                 1                   226.00              219.00              7.00                9                   2.00                7.11                64.00               12                  
83			636                 1                   194.00              194.00              0.00                5                   1.00                9.80                49.00               12                  
84			636                 1                   188.00              188.00              0.00                3                   0.67                16.00               48.00               12                  
85			636                 1                   222.00              221.00              1.00                5                   1.00                11.00               55.00               12                  
86			636                 1                   234.00              229.00              5.00                9                   2.00                7.33                66.00               12                  
87			636                 1                   217.00              212.00              5.00                9                   2.00                6.44                58.00               12                  
88			636                 1                   205.00              205.00              0.00                7                   1.29                7.86                55.00               12                  
89			636                 1                   739.00              708.00              31.00               54                  19.78               6.81                368.00              33                  
90			636                 1                   197.00              197.00              0.00                7                   1.29                7.71                54.00               12                  
91			636                 1                   384.00              365.00              19.00               30                  9.87                5.83                175.00              12                  
92			636                 1                   193.00              193.00              0.00                3                   0.67                16.33               49.00               12                  
93			636                 1                   204.00              203.00              1.00                7                   1.29                7.57                53.00               12                  
94			636                 1                   196.00              196.00              0.00                3                   0.67                16.33               49.00               12                  
95			636                 1                   189.00              189.00              0.00                3                   0.67                16.33               49.00               12                  
96			636                 1                   192.00              192.00              0.00                3                   0.67                15.67               47.00               12                  
97			636                 1                   237.00              226.00              11.00               14                  3.29                5.07                71.00               12                  
98			636                 1                   281.00              266.00              15.00               16                  4.81                5.75                92.00               12                  
99			636                 1                   298.00              275.00              23.00               18                  5.06                5.67                102.00              12                  
100			636                 1                   191.00              190.00              1.00                3                   0.67                16.67               50.00               12                  
101			636                 1                   211.00              206.00              5.00                12                  2.75                4.67                56.00               12                  
102			636                 1                   218.00              214.00              4.00                8                   2.00                7.63                61.00               12                  
103			636                 1                   246.00              233.00              13.00               15                  3.73                5.27                79.00               12                  
104			636                 1                   220.00              220.00              0.00                5                   1.00                11.20               56.00               12                  
105			636                 1                   255.00              248.00              7.00                12                  2.75                6.25                75.00               12                  
106			636                 1                   189.00              189.00              0.00                3                   0.67                16.33               49.00               12                  
107			636                 3                   765.00              441.00              324.00              63                  32.14               4.83                304.00              32                  
108			636                 1                   230.00              228.00              2.00                12                  3.17                5.75                69.00               12                  
109			636                 1                   211.00              207.00              4.00                9                   2.00                6.33                57.00               12                  
110			636                 1                   237.00              222.00              15.00               14                  3.29                5.14                72.00               12                  
111			636                 1                   200.00              200.00              0.00                7                   1.29                7.86                55.00               12                  
112			636                 5                   1288.00             442.00              846.00              130                 56.47               5.72                744.00              125                 
113			636                 1                   195.00              195.00              0.00                5                   1.00                10.80               54.00               12                  
114			-1                  -1                  -1                  -1                  -1                  -1                  -1                  -1                  -1                  -1                  
115			636                 1                   217.00              211.00              6.00                12                  2.75                5.17                62.00               12                  
116			-1                  -1                  -1                  -1                  -1                  -1                  -1                  -1                  -1                  -1                  
117			636                 1                   250.00              241.00              9.00                16                  4.81                4.94                79.00               12                  
118			636                 1                   205.00              205.00              0.00                5                   1.00                10.80               54.00               12                  
119			636                 1                   198.00              198.00              0.00                7                   1.29                7.71                54.00               12                  
120			636                 1                   227.00              220.00              7.00                12                  2.75                5.92                71.00               12                  
121			636                 3                   1059.00             439.00              620.00              68                  63.68               6.25                425.00              63                  
122			636                 1                   205.00              203.00              2.00                8                   2.00                6.63                53.00               12                  
123			636                 1                   321.00              309.00              12.00               26                  9.50                3.88                101.00              12                  
124			636                 1                   213.00              213.00              0.00                7                   1.29                8.29                58.00               12                  
125			636                 1                   201.00              201.00              0.00                5                   1.00                10.00               50.00               12                  
126			636                 1                   207.00              207.00              0.00                7                   1.29                7.57                53.00               12                  
127			636                 1                   191.00              191.00              0.00                3                   0.67                17.00               51.00               12                  
128			636                 1                   227.00              222.00              5.00                13                  3.85                4.69                61.00               12                  
129			636                 1                   357.00              319.00              38.00               22                  5.82                5.59                123.00              12                  
130			636                 1                   194.00              194.00              0.00                3                   0.67                16.00               48.00               12                  
131			636                 1                   199.00              199.00              0.00                5                   1.00                10.40               52.00               12                  
132			636                 1                   272.00              261.00              11.00               16                  4.81                5.13                82.00               12                  
133			636                 7                   974.00              437.00              537.00              492                 8.42                3.96                1950.00             131                 
134			636                 1                   202.00              202.00              0.00                7                   1.29                8.00                56.00               12                  
135			636                 1                   230.00              224.00              6.00                11                  2.27                5.82                64.00               12                  
136			636                 1                   196.00              196.00              0.00                5                   1.00                10.20               51.00               12                  
137			636                 3                   1022.00             441.00              581.00              69                  62.57               5.90                407.00              54                  
138			636                 1                   208.00              203.00              5.00                9                   2.00                6.44                58.00               12                  
139			636                 1                   280.00              265.00              15.00               19                  4.95                4.74                90.00               12                  
140			636                 3                   1250.00             437.00              813.00              94                  66.51               5.14                483.00              84                  
141			636                 1                   214.00              214.00              0.00                3                   0.67                17.67               53.00               12                  
142			636                 1                   243.00              241.00              2.00                11                  2.73                6.36                70.00               12                  
143			636                 1                   207.00              207.00              0.00                7                   1.29                7.71                54.00               12                  
144			636                 1                   216.00              211.00              5.00                12                  2.75                5.17                62.00               12                  
145			636                 1                   230.00              228.00              2.00                12                  3.17                5.67                68.00               12                  
146			636                 1                   203.00              203.00              0.00                7                   1.29                7.43                52.00               12                  
147			636                 1                   199.00              199.00              0.00                7                   1.29                7.43                52.00               12                  
148			636                 1                   198.00              198.00              0.00                5                   1.00                10.20               51.00               12                  
149			636                 1                   216.00              211.00              5.00                9                   2.00                6.33                57.00               12                  
150			636                 1                   204.00              204.00              0.00                7                   1.29                7.57                53.00               12                  
151			636                 1                   219.00              214.00              5.00                9                   2.00                6.56                59.00               12                  
152			636                 1                   198.00              198.00              0.00                5                   1.00                10.40               52.00               12                  
153			636                 1                   238.00              231.00              7.00                12                  2.75                6.17                74.00               12                  
154			636                 3                   1371.00             440.00              931.00              96                  76.06               5.51                529.00              94                  
155			636                 1                   197.00              196.00              1.00                5                   1.00                10.60               53.00               12                  
156			636                 1                   189.00              189.00              0.00                3                   0.67                16.00               48.00               12                  
157			636                 1                   227.00              220.00              7.00                11                  2.27                6.18                68.00               12                  
158			636                 1                   396.00              386.00              10.00               28                  8.93                5.11                143.00              12                  
159			636                 1                   187.00              187.00              0.00                3                   0.67                15.67               47.00               12                  
160			636                 1                   208.00              206.00              2.00                8                   2.00                7.13                57.00               12                  
161			636                 1                   249.00              241.00              8.00                14                  3.71                5.71                80.00               12                  
162			636                 1                   251.00              249.00              2.00                9                   2.44                8.11                73.00               12                  
163			636                 1                   209.00              209.00              0.00                3                   0.67                16.67               50.00               12                  
164			636                 1                   201.00              201.00              0.00                7                   1.29                7.29                51.00               12                  
165			636                 3                   1296.00             440.00              856.00              65                  105.66              7.71                501.00              84                  
166			636                 1                   235.00              228.00              7.00                13                  3.38                5.62                73.00               12                  
167			636                 1                   228.00              221.00              7.00                12                  2.75                6.33                76.00               12                  
168			636                 1                   228.00              225.00              3.00                11                  2.73                6.18                68.00               12                  
169			636                 1                   213.00              213.00              0.00                5                   1.00                11.00               55.00               12                  
170			636                 1                   243.00              235.00              8.00                14                  3.29                4.71                66.00               12                  
171			636                 1                   209.00              209.00              0.00                7                   1.29                8.14                57.00               12                  
172			636                 1                   209.00              209.00              0.00                7                   1.29                8.00                56.00               12                  
173			636                 2                   233.00              220.00              13.00               12                  2.00                6.17                74.00               12                  
174			636                 1                   397.00              377.00              20.00               31                  9.90                4.94                153.00              12                  
175			636                 1                   217.00              215.00              2.00                11                  2.73                5.55                61.00               12                  
176			636                 1                   218.00              212.00              6.00                9                   2.00                7.44                67.00               12                  
177			636                 3                   1465.00             485.00              980.00              89                  81.21               6.54                582.00              94                  
178			636                 1                   213.00              209.00              4.00                9                   2.44                6.67                60.00               12                  
179			636                 1                   194.00              193.00              1.00                5                   1.00                10.40               52.00               12                  
180			636                 1                   209.00              209.00              0.00                7                   1.29                7.86                55.00               12                  
181			636                 7                   875.00              432.00              443.00              257                 12.73               4.40                1130.00             310                 
182			636                 1                   227.00              221.00              6.00                12                  2.75                5.75                69.00               12                  
183			636                 1                   203.00              203.00              0.00                7                   1.29                8.00                56.00               12                  
184			636                 1                   235.00              226.00              9.00                12                  2.75                5.75                69.00               12                  
185			636                 1                   255.00              238.00              17.00               13                  3.38                6.08                79.00               12                  
186			636                 1                   194.00              194.00              0.00                5                   1.00                10.20               51.00               12                  
187			636                 1                   286.00              270.00              16.00               19                  4.95                4.68                89.00               12                  
188			636                 1                   298.00              281.00              17.00               20                  5.40                4.70                94.00               12                  
189			636                 1                   283.00              266.00              17.00               18                  4.44                5.17                93.00               12                  
190			636                 1                   190.00              189.00              1.00                3                   0.67                16.67               50.00               12                  
191			636                 1                   251.00              244.00              7.00                14                  3.71                5.14                72.00               12                  
192			636                 1                   188.00              188.00              0.00                3                   0.67                15.67               47.00               12                  
193			636                 1                   198.00              198.00              0.00                7                   1.29                7.57                53.00               12                  
194			636                 1                   243.00              230.00              13.00               18                  4.44                4.50                81.00               12                  
195			636                 1                   259.00              253.00              6.00                18                  5.50                4.50                81.00               12                  
196			636                 1                   218.00              212.00              6.00                9                   2.00                6.89                62.00               12                  
197			636                 1                   192.00              192.00              0.00                3                   0.67                16.00               48.00               12                  
198			636                 1                   268.00              256.00              12.00               18                  5.06                5.11                92.00               12                  
199			636                 3                   891.00              440.00              451.00              65                  43.23               5.60                364.00              43                  
200			636                 1                   233.00              227.00              6.00                18                  4.83                3.78                68.00               12                  
201			636                 1                   582.00              520.00              62.00               41                  13.46               6.95                285.00              23                  
202			636                 1                   356.00              321.00              35.00               25                  7.20                5.08                127.00              12                  
203			636                 1                   220.00              215.00              5.00                11                  2.27                5.73                63.00               12                  
204			636                 1                   331.00              312.00              19.00               22                  6.86                5.09                112.00              12                  
205			636                 1                   190.00              190.00              0.00                3                   0.67                16.00               48.00               12                  
206			636                 1                   267.00              253.00              14.00               18                  4.44                5.61                101.00              12                  
207			636                 1                   298.00              287.00              11.00               20                  5.80                5.55                111.00              12                  
208			636                 1                   333.00              322.00              11.00               23                  8.00                5.61                129.00              12                  
209			636                 1                   274.00              262.00              12.00               15                  4.13                5.87                88.00               12                  
210			636                 1                   240.00              236.00              4.00                11                  2.27                6.27                69.00               12                  
211			636                 1                   221.00              218.00              3.00                9                   2.44                7.44                67.00               12                  
212			636                 1                   355.00              339.00              16.00               28                  8.29                5.29                148.00              12                  
213			636                 1                   234.00              229.00              5.00                15                  4.80                4.40                66.00               12                  
214			636                 2                   237.00              220.00              17.00               13                  2.69                5.46                71.00               12                  
215			636                 1                   259.00              246.00              13.00               17                  4.41                5.18                88.00               12                  
216			636                 1                   202.00              202.00              0.00                5                   1.00                10.20               51.00               12                  
217			636                 5                   886.00              429.00              457.00              490                 7.47                3.99                1954.00             111                 
218			636                 1                   221.00              219.00              2.00                11                  2.73                5.73                63.00               12                  
219			636                 1                   194.00              194.00              0.00                5                   1.00                10.40               52.00               12                  
220			636                 1                   249.00              245.00              4.00                13                  3.85                5.38                70.00               12                  
221			636                 1                   368.00              341.00              27.00               26                  8.27                5.58                145.00              12                  
222			636                 1                   218.00              213.00              5.00                11                  2.27                5.91                65.00               12                  
223			636                 1                   204.00              204.00              0.00                7                   1.29                8.29                58.00               12                  
224			636                 1                   230.00              218.00              12.00               14                  3.29                4.79                67.00               12                  
225			636                 1                   231.00              221.00              10.00               14                  3.29                4.86                68.00               12                  
226			636                 1                   194.00              194.00              0.00                5                   1.00                10.20               51.00               12                  
227			636                 1                   197.00              197.00              0.00                7                   1.29                7.71                54.00               12                  
228			636                 1                   252.00              245.00              7.00                17                  4.41                4.59                78.00               12                  
229			636                 1                   197.00              196.00              1.00                5                   1.00                10.40               52.00               12                  
230			636                 1                   203.00              203.00              0.00                5                   1.00                10.40               52.00               12                  
231			636                 1                   353.00              336.00              17.00               21                  6.48                6.10                128.00              12                  
232			636                 1                   219.00              217.00              2.00                12                  3.17                5.33                64.00               12                  
233			636                 1                   244.00              239.00              5.00                11                  2.27                6.36                70.00               12                  
234			636                 1                   235.00              233.00              2.00                8                   2.00                7.63                61.00               12                  
235			636                 1                   218.00              215.00              3.00                8                   2.00                7.25                58.00               12                  
236			636                 1                   196.00              196.00              0.00                3                   0.67                15.67               47.00               12                  
237			636                 1                   208.00              205.00              3.00                8                   2.00                7.00                56.00               12                  
238			636                 1                   199.00              199.00              0.00                5                   1.00                10.20               51.00               12                  
239			636                 1                   217.00              214.00              3.00                11                  2.73                5.36                59.00               12                  
240			636                 1                   253.00              240.00              13.00               17                  4.00                4.82                82.00               12                  
241			636                 1                   207.00              203.00              4.00                9                   2.00                6.11                55.00               12                  
242			636                 1                   198.00              197.00              1.00                5                   1.00                10.60               53.00               12                  
243			636                 1                   214.00              210.00              4.00                11                  2.27                5.18                57.00               12                  
244			636                 1                   194.00              194.00              0.00                7                   1.29                7.29                51.00               12                  
245			636                 1                   284.00              264.00              20.00               21                  6.00                4.86                102.00              12                  
246			636                 1                   214.00              214.00              0.00                7                   1.29                8.57                60.00               12                  
247			636                 2                   211.00              207.00              4.00                11                  2.27                5.09                56.00               12                  
248			636                 1                   192.00              192.00              0.00                5                   1.00                10.00               50.00               12                  
249			636                 2                   226.00              208.00              18.00               18                  3.17                3.39                61.00               12                  
250			636                 1                   351.00              326.00              25.00               28                  9.36                4.93                138.00              12                  
251			636                 1                   198.00              198.00              0.00                5                   1.00                10.60               53.00               12                  
252			-1                  -1                  -1                  -1                  -1                  -1                  -1                  -1                  -1                  -1                  
253			636                 1                   205.00              205.00              0.00                5                   1.00                11.00               55.00               12                  
254			636                 1                   248.00              237.00              11.00               15                  3.73                5.13                77.00               12                  
255			636                 1                   198.00              197.00              1.00                5                   1.00                10.40               52.00               12                  
256			636                 1                   256.00              249.00              7.00                15                  4.80                5.53                83.00               12                  
257			636                 1                   243.00              239.00              4.00                12                  3.17                6.50                78.00               12                  
258			636                 1                   194.00              194.00              0.00                3                   0.67                16.00               48.00               12                  
259			636                 1                   260.00              251.00              9.00                17                  4.41                5.00                85.00               12                  
260			636                 1                   192.00              192.00              0.00                3                   0.67                16.67               50.00               12                  
261			636                 1                   265.00              257.00              8.00                13                  3.85                6.08                79.00               12                  
262			636                 1                   216.00              216.00              0.00                7                   1.29                9.00                63.00               12                  
263			636                 1                   190.00              190.00              0.00                3                   0.67                17.67               53.00               12                  
264			636                 1                   257.00              247.00              10.00               12                  2.75                6.50                78.00               12                  
265			636                 1                   189.00              189.00              0.00                3                   0.67                16.00               48.00               12                  
266			636                 1                   236.00              225.00              11.00               14                  3.29                5.43                76.00               12                  
267			636                 1                   394.00              365.00              29.00               24                  7.42                5.46                131.00              12                  
268			636                 1                   194.00              194.00              0.00                5                   1.00                10.40               52.00               12                  
269			636                 1                   352.00              343.00              9.00                24                  7.17                5.42                130.00              12                  
270			636                 1                   440.00              428.00              12.00               30                  9.87                5.53                166.00              23                  
271			636                 1                   209.00              205.00              4.00                11                  2.27                5.45                60.00               12                  
272			636                 1                   215.00              213.00              2.00                9                   2.44                6.33                57.00               12                  
273			636                 1                   219.00              216.00              3.00                11                  2.73                5.64                62.00               12                  
274			636                 1                   192.00              192.00              0.00                5                   1.00                10.00               50.00               12                  
275			636                 1                   215.00              211.00              4.00                11                  2.27                5.18                57.00               12                  
276			636                 3                   1363.00             435.00              928.00              98                  79.67               5.54                543.00              94                  
277			636                 1                   276.00              264.00              12.00               22                  7.09                4.18                92.00               12                  
278			636                 1                   204.00              204.00              0.00                5                   1.00                11.00               55.00               12                  
279			636                 1                   232.00              225.00              7.00                11                  2.27                6.91                76.00               12                  
280			636                 1                   363.00              346.00              17.00               35                  11.77               3.60                126.00              12                  
281			636                 1                   221.00              218.00              3.00                9                   2.44                6.78                61.00               12                  
282			636                 1                   213.00              210.00              3.00                8                   2.00                7.25                58.00               12                  
283			636                 1                   221.00              216.00              5.00                9                   2.00                6.78                61.00               12                  
284			636                 1                   209.00              206.00              3.00                8                   2.00                7.00                56.00               12                  
285			636                 1                   246.00              242.00              4.00                12                  3.17                6.08                73.00               12                  
286			636                 1                   217.00              214.00              3.00                9                   2.44                6.67                60.00               12                  
287			636                 3                   1449.00             436.00              1013.00             93                  87.73               5.88                547.00              104                 
288			636                 1                   215.00              211.00              4.00                13                  3.85                4.46                58.00               12                  
289			636                 1                   188.00              188.00              0.00                3                   0.67                16.00               48.00               12                  
290			636                 1                   212.00              207.00              5.00                9                   2.00                6.00                54.00               12                  
291			636                 1                   257.00              248.00              9.00                18                  5.06                4.89                88.00               12                  
292			636                 1                   233.00              224.00              9.00                13                  3.38                5.62                73.00               12                  
293			636                 1                   224.00              217.00              7.00                12                  2.75                5.25                63.00               12                  
294			636                 1                   246.00              236.00              10.00               15                  4.33                4.67                70.00               12                  
295			636                 3                   1336.00             436.00              900.00              86                  83.42               5.86                504.00              94                  
296			636                 1                   197.00              197.00              0.00                7                   1.29                7.43                52.00               12                  
297			636                 1                   190.00              190.00              0.00                3                   0.67                15.33               46.00               12                  
298			636                 1                   235.00              226.00              9.00                13                  3.38                5.38                70.00               12                  
299			636                 1                   189.00              189.00              0.00                3                   0.67                15.67               47.00               12                  
300			636                 1                   224.00              222.00              2.00                12                  3.17                5.25                63.00               12                  
301			636                 1                   197.00              197.00              0.00                5                   1.00                10.00               50.00               12                  
302			636                 1                   191.00              191.00              0.00                3                   0.67                16.00               48.00               12                  
303			636                 7                   954.00              429.00              525.00              492                 8.42                3.84                1887.00             142                 
304			636                 1                   221.00              219.00              2.00                11                  2.73                5.73                63.00               12                  
305			636                 1                   190.00              190.00              0.00                3                   0.67                15.67               47.00               12                  
306			636                 1                   201.00              201.00              0.00                7                   1.29                7.43                52.00               12                  
307			636                 1                   228.00              226.00              2.00                9                   2.44                7.11                64.00               12                  
308			636                 1                   188.00              188.00              0.00                3                   0.67                16.00               48.00               12                  
309			636                 1                   188.00              187.00              1.00                3                   0.67                16.33               49.00               12                  
310			636                 1                   245.00              240.00              5.00                15                  4.80                5.07                76.00               12                  
311			636                 1                   218.00              212.00              6.00                9                   2.00                6.56                59.00               12                  
312			636                 4                   904.00              433.00              471.00              130                 27.36               4.88                634.00              104                 
313			636                 1                   382.00              376.00              6.00                19                  5.95                7.11                135.00              12                  
314			636                 1                   213.00              213.00              0.00                7                   1.29                7.43                52.00               12                  
315			636                 1                   191.00              191.00              0.00                3                   0.67                16.00               48.00               12                  
316			636                 1                   196.00              196.00              0.00                5                   1.00                9.80                49.00               12                  
317			636                 1                   196.00              196.00              0.00                5                   1.00                10.60               53.00               12                  
318			636                 1                   192.00              192.00              0.00                3                   0.67                15.67               47.00               12                  
319			636                 1                   189.00              188.00              1.00                3                   0.67                16.00               48.00               12                  
320			636                 1                   188.00              188.00              0.00                3                   0.67                16.00               48.00               12                  
321			636                 1                   290.00              272.00              18.00               22                  6.45                4.68                103.00              12                  
322			636                 1                   412.00              384.00              28.00               32                  9.81                5.75                184.00              12                  
323			636                 1                   259.00              246.00              13.00               15                  3.73                5.93                89.00               12                  
324			636                 1                   240.00              232.00              8.00                15                  4.13                4.47                67.00               12                  
325			636                 1                   224.00              221.00              3.00                12                  3.17                5.08                61.00               12                  
326			636                 1                   188.00              188.00              0.00                3                   0.67                16.00               48.00               12                  
327			636                 1                   259.00              251.00              8.00                13                  3.85                5.77                75.00               12                  
328			636                 1                   225.00              218.00              7.00                15                  4.33                4.40                66.00               12                  
329			636                 1                   199.00              199.00              0.00                5                   1.00                10.00               50.00               12                  
330			636                 1                   221.00              216.00              5.00                11                  2.27                5.82                64.00               12                  
331			636                 1                   195.00              195.00              0.00                5                   1.00                10.40               52.00               12                  
332			636                 1                   238.00              229.00              9.00                13                  3.38                5.77                75.00               12                  
333			636                 1                   229.00              217.00              12.00               14                  3.29                5.21                73.00               12                  
334			636                 1                   231.00              223.00              8.00                15                  4.33                4.60                69.00               12                  
335			636                 1                   230.00              224.00              6.00                11                  2.27                6.00                66.00               12                  
336			636                 1                   194.00              194.00              0.00                5                   1.00                10.20               51.00               12                  
337			636                 1                   196.00              195.00              1.00                5                   1.00                10.20               51.00               12                  
338			636                 3                   234.00              208.00              26.00               23                  3.22                3.17                73.00               12                  
339			636                 1                   211.00              205.00              6.00                9                   2.00                6.56                59.00               12                  
340			636                 1                   197.00              197.00              0.00                5                   1.00                9.60                48.00               12                  
341			636                 1                   212.00              212.00              0.00                7                   1.29                8.29                58.00               12                  
342			636                 1                   191.00              191.00              0.00                3                   0.67                16.33               49.00               12                  
343			636                 1                   241.00              231.00              10.00               15                  3.73                4.60                69.00               12                  
344			636                 2                   206.00              206.00              0.00                7                   1.29                7.71                54.00               12                  
345			636                 2                   294.00              253.00              41.00               28                  4.39                3.89                109.00              12                  
346			636                 1                   282.00              264.00              18.00               20                  5.40                4.90                98.00               12                  
347			636                 1                   233.00              227.00              6.00                14                  3.71                4.71                66.00               12                  
348			636                 1                   216.00              210.00              6.00                9                   2.00                6.89                62.00               12                  
349			-1                  -1                  -1                  -1                  -1                  -1                  -1                  -1                  -1                  -1                  
350			636                 1                   229.00              219.00              10.00               14                  3.29                4.86                68.00               12                  
351			636                 1                   217.00              214.00              3.00                11                  2.73                5.45                60.00               12                  
352			636                 1                   230.00              228.00              2.00                11                  2.73                5.91                65.00               12                  
353			636                 1                   211.00              209.00              2.00                8                   2.00                7.50                60.00               12                  
354			636                 1                   221.00              219.00              2.00                8                   2.00                7.75                62.00               12                  
355			636                 1                   229.00              221.00              8.00                12                  2.75                5.75                69.00               12                  
356			-1                  -1                  -1                  -1                  -1                  -1                  -1                  -1                  -1                  -1                  
357			-1                  -1                  -1                  -1                  -1                  -1                  -1                  -1                  -1                  -1                  
