1			2079                2077                20425.00            20425.00            0.00                2079                1039.72             2.76                5739.00             1580                
2			2079                2077                20845.00            20845.00            0.00                2079                1038.92             2.59                5380.00             656                 
3			2079                2077                20296.00            20296.00            0.00                2079                1038.71             2.53                5267.00             576                 
4			2079                2077                20416.00            20416.00            0.00                2079                1039.22             2.63                5463.00             577                 
5			2079                2077                20425.00            20425.00            0.00                2079                1039.08             2.58                5368.00             1498                
6			2079                2077                20447.00            20447.00            0.00                2079                1039.72             2.56                5312.00             580                 
7			2079                2077                20717.00            20717.00            0.00                2079                1039.33             2.67                5551.00             581                 
8			2079                2077                19672.00            19672.00            0.00                2079                1039.26             2.38                4951.00             575                 
9			2079                2077                20627.00            20627.00            0.00                2079                1039.22             2.63                5467.00             580                 
10			2079                2077                20341.00            20341.00            0.00                2079                1039.37             2.55                5297.00             576                 
11			2079                2077                20509.00            20509.00            0.00                2079                1039.42             2.73                5682.00             576                 
12			2079                2077                20181.00            20181.00            0.00                2079                1039.60             2.65                5513.00             657                 
13			2079                2077                20455.00            20455.00            0.00                2079                1039.67             2.59                5384.00             577                 
14			2079                2077                20185.00            20185.00            0.00                2079                1039.81             2.51                5209.00             577                 
15			2079                2077                20310.00            20310.00            0.00                2079                1039.80             2.63                5459.00             579                 
16			2079                2077                19994.00            19994.00            0.00                2079                1039.12             2.45                5094.00             2424                
17			2079                2077                20177.00            20177.00            0.00                2079                1039.10             2.56                5315.00             575                 
18			2079                2077                20289.00            20289.00            0.00                2079                1039.13             2.50                5199.00             1547                
19			2079                2077                20129.00            20129.00            0.00                2079                1038.69             2.49                5167.00             575                 
20			2079                2077                20175.00            20175.00            0.00                2079                1039.70             2.52                5231.00             576                 
21			2079                2077                20172.00            20172.00            0.00                2079                1039.25             2.54                5277.00             1507                
22			2079                2077                20310.00            20310.00            0.00                2079                1039.62             2.54                5284.00             578                 
23			2079                2077                20500.00            20500.00            0.00                2079                1039.80             2.58                5367.00             576                 
24			2079                2077                20920.00            20920.00            0.00                2079                1039.79             2.76                5732.00             577                 
25			2079                2077                20465.00            20465.00            0.00                2079                1039.21             2.56                5329.00             576                 
26			2079                2077                20450.00            20450.00            0.00                2079                1039.06             2.56                5324.00             580                 
27			2079                2077                20627.00            20627.00            0.00                2079                1039.36             2.71                5629.00             576                 
28			2079                2077                20600.00            20600.00            0.00                2079                1038.95             2.59                5392.00             579                 
29			2079                2077                20120.00            20120.00            0.00                2079                1039.52             2.49                5180.00             1501                
30			2079                2077                20308.00            20308.00            0.00                2079                1039.81             2.59                5381.00             657                 
31			2079                2077                20749.00            20749.00            0.00                2079                1039.19             2.62                5454.00             1505                
32			2079                2077                20220.00            20220.00            0.00                2079                1039.58             2.62                5443.00             576                 
33			2079                2077                20643.00            20643.00            0.00                2079                1039.43             2.57                5334.00             1584                
34			2079                2077                21064.00            21064.00            0.00                2079                1038.91             2.67                5548.00             577                 
35			2079                2077                20552.00            20552.00            0.00                2079                1039.53             2.63                5458.00             577                 
36			2079                2077                20778.00            20778.00            0.00                2079                1038.99             2.63                5469.00             577                 
37			2079                2077                20483.00            20483.00            0.00                2079                1039.03             2.70                5621.00             578                 
38			2079                2077                20110.00            20110.00            0.00                2079                1039.30             2.56                5321.00             576                 
39			2079                2077                20050.00            20050.00            0.00                2079                1039.15             2.53                5265.00             577                 
40			2079                2077                20293.00            20293.00            0.00                2079                1038.88             2.59                5381.00             2426                
41			2079                2077                20470.00            20470.00            0.00                2079                1039.19             2.65                5506.00             576                 
42			2079                2077                20449.00            20449.00            0.00                2079                1039.44             2.55                5296.00             577                 
43			2079                2077                20079.00            20079.00            0.00                2079                1038.91             2.55                5302.00             577                 
44			2079                2077                20305.00            20305.00            0.00                2079                1038.77             2.38                4949.00             579                 
45			2079                2077                19632.00            19632.00            0.00                2079                1038.82             2.35                4876.00             1429                
46			2079                2077                20659.00            20659.00            0.00                2079                1039.31             2.56                5330.00             579                 
47			2079                2077                20972.00            20972.00            0.00                2079                1039.65             2.71                5634.00             577                 
48			2079                2077                20718.00            20718.00            0.00                2079                1039.73             2.65                5500.00             578                 
49			2079                2077                20749.00            20749.00            0.00                2079                1039.10             2.60                5415.00             580                 
50			2079                2077                20449.00            20449.00            0.00                2079                1039.40             2.58                5366.00             580                 
51			2079                2077                20801.00            20801.00            0.00                2079                1039.37             2.59                5394.00             580                 
52			2079                2077                20696.00            20696.00            0.00                2079                1039.72             2.61                5427.00             655                 
53			2079                2077                21007.00            21007.00            0.00                2079                1038.97             2.60                5397.00             580                 
54			2079                2077                20158.00            20158.00            0.00                2079                1039.74             2.61                5426.00             657                 
55			2079                2077                20302.00            20302.00            0.00                2079                1039.22             2.52                5234.00             577                 
56			2079                2077                20544.00            20544.00            0.00                2079                1039.39             2.60                5401.00             577                 
57			2079                2077                20846.00            20846.00            0.00                2079                1039.08             2.67                5556.00             656                 
58			2079                2077                20400.00            20400.00            0.00                2079                1039.75             2.62                5457.00             2426                
59			2079                2077                20454.00            20454.00            0.00                2079                1038.97             2.63                5473.00             2424                
60			2079                2077                20236.00            20236.00            0.00                2079                1038.90             2.59                5384.00             579                 
61			2079                2077                20043.00            20043.00            0.00                2079                1039.14             2.37                4932.00             578                 
62			2079                2077                19966.00            19966.00            0.00                2079                1039.14             2.57                5352.00             577                 
63			2079                2077                20328.00            20328.00            0.00                2079                1039.57             2.52                5249.00             576                 
64			2079                2077                20805.00            20805.00            0.00                2079                1039.83             2.62                5445.00             1580                
65			2079                2077                20256.00            20256.00            0.00                2079                1039.46             2.55                5302.00             1585                
66			2079                2077                20659.00            20659.00            0.00                2079                1039.81             2.67                5558.00             656                 
67			2079                2077                20676.00            20676.00            0.00                2079                1039.18             2.58                5367.00             576                 
68			2079                2077                20525.00            20525.00            0.00                2079                1039.40             2.65                5519.00             578                 
69			2079                2077                19855.00            19855.00            0.00                2079                1039.73             2.58                5364.00             577                 
70			2079                2077                20121.00            20121.00            0.00                2079                1039.80             2.60                5401.00             657                 
71			2079                2077                20401.00            20401.00            0.00                2079                1038.94             2.58                5374.00             1587                
72			2079                2077                20711.00            20711.00            0.00                2079                1039.09             2.69                5588.00             581                 
73			2079                2077                20312.00            20312.00            0.00                2079                1039.32             2.56                5326.00             577                 
74			2079                2077                20429.00            20429.00            0.00                2079                1039.02             2.61                5427.00             2425                
75			2079                2077                20101.00            20101.00            0.00                2079                1039.69             2.55                5298.00             577                 
76			2079                2077                20271.00            20271.00            0.00                2079                1039.69             2.60                5413.00             656                 
77			2079                2077                20650.00            20650.00            0.00                2079                1039.43             2.57                5351.00             656                 
78			2079                2077                20046.00            20046.00            0.00                2079                1039.35             2.48                5158.00             576                 
79			2079                2077                20451.00            20451.00            0.00                2079                1039.46             2.57                5345.00             579                 
80			2079                2077                20565.00            20565.00            0.00                2079                1039.16             2.57                5353.00             576                 
81			2079                2077                20668.00            20668.00            0.00                2079                1039.75             2.73                5668.00             577                 
82			2079                2077                20380.00            20380.00            0.00                2079                1039.12             2.71                5642.00             580                 
83			2079                2077                20617.00            20617.00            0.00                2079                1039.06             2.63                5462.00             579                 
84			2079                2077                20578.00            20578.00            0.00                2079                1039.21             2.60                5404.00             580                 
85			2079                2077                20683.00            20683.00            0.00                2079                1039.93             2.75                5727.00             578                 
86			2079                2077                20154.00            20154.00            0.00                2079                1039.42             2.52                5242.00             576                 
87			2079                2077                20114.00            20114.00            0.00                2079                1039.82             2.51                5213.00             1510                
88			2079                2077                20027.00            20027.00            0.00                2079                1039.22             2.54                5283.00             1503                
89			2079                2077                20022.00            20022.00            0.00                2079                1039.33             2.56                5312.00             2424                
90			2079                2077                20325.00            20325.00            0.00                2079                1039.17             2.68                5562.00             581                 
91			2079                2077                20591.00            20591.00            0.00                2079                1038.92             2.69                5584.00             1585                
92			2079                2077                20380.00            20380.00            0.00                2079                1039.35             2.56                5328.00             576                 
93			2079                2077                20860.00            20860.00            0.00                2079                1039.00             2.66                5530.00             576                 
94			2079                2077                20192.00            20192.00            0.00                2079                1039.69             2.53                5254.00             1500                
95			2079                2077                20473.00            20473.00            0.00                2079                1039.16             2.56                5328.00             577                 
96			2079                2077                20991.00            20991.00            0.00                2079                1039.83             2.62                5452.00             577                 
97			2079                2077                20672.00            20672.00            0.00                2079                1039.56             2.61                5418.00             1501                
98			2079                2077                20603.00            20603.00            0.00                2079                1039.93             2.75                5719.00             655                 
99			2079                2077                20505.00            20505.00            0.00                2079                1039.15             2.61                5429.00             576                 
100			2079                2077                20536.00            20536.00            0.00                2079                1039.55             2.55                5304.00             577                 
101			2079                2077                19996.00            19996.00            0.00                2079                1039.66             2.60                5398.00             1585                
102			2079                2077                20626.00            20626.00            0.00                2079                1039.19             2.59                5382.00             581                 
103			2079                2077                20455.00            20455.00            0.00                2079                1039.73             2.61                5428.00             577                 
104			2079                2077                20220.00            20220.00            0.00                2079                1039.80             2.72                5647.00             580                 
105			2079                2077                20232.00            20232.00            0.00                2079                1039.49             2.57                5340.00             580                 
106			2079                2077                20246.00            20246.00            0.00                2079                1039.74             2.59                5387.00             1507                
107			2079                2077                20743.00            20743.00            0.00                2079                1039.31             2.65                5519.00             580                 
108			2079                2077                20514.00            20514.00            0.00                2079                1039.70             2.56                5312.00             1583                
109			2079                2077                20090.00            20090.00            0.00                2079                1038.92             2.57                5334.00             576                 
110			2079                2077                20617.00            20617.00            0.00                2079                1038.98             2.61                5426.00             657                 
111			2079                2077                20097.00            20097.00            0.00                2079                1039.70             2.55                5297.00             576                 
112			2079                2077                20343.00            20343.00            0.00                2079                1039.48             2.55                5293.00             578                 
113			2079                2077                20197.00            20197.00            0.00                2079                1039.35             2.61                5421.00             577                 
114			2079                2077                20288.00            20288.00            0.00                2079                1039.50             2.62                5451.00             576                 
115			2079                2077                20889.00            20889.00            0.00                2079                1039.01             2.63                5477.00             579                 
116			2079                2077                20702.00            20702.00            0.00                2079                1039.00             2.58                5359.00             576                 
117			2079                2077                20807.00            20807.00            0.00                2079                1039.31             2.68                5577.00             580                 
118			2079                2077                20151.00            20151.00            0.00                2079                1039.74             2.59                5381.00             576                 
119			2079                2077                20394.00            20394.00            0.00                2079                1038.92             2.69                5595.00             576                 
120			2079                2077                20267.00            20267.00            0.00                2079                1039.26             2.58                5371.00             654                 
121			2079                2077                20724.00            20724.00            0.00                2079                1039.11             2.58                5358.00             580                 
122			2079                2077                20307.00            20307.00            0.00                2079                1039.19             2.51                5209.00             576                 
123			2079                2077                20488.00            20488.00            0.00                2079                1039.32             2.58                5366.00             576                 
124			2079                2077                21117.00            21117.00            0.00                2079                1039.45             2.59                5378.00             577                 
125			2079                2077                20679.00            20679.00            0.00                2079                1039.64             2.64                5479.00             579                 
126			2079                2077                20768.00            20768.00            0.00                2079                1039.41             2.60                5402.00             2425                
127			2079                2077                20513.00            20513.00            0.00                2079                1039.68             2.61                5427.00             1583                
128			2079                2077                21040.00            21040.00            0.00                2079                1039.35             2.59                5377.00             576                 
129			2079                2077                19955.00            19955.00            0.00                2079                1038.96             2.73                5671.00             2424                
130			2079                2077                19913.00            19913.00            0.00                2079                1038.89             2.60                5410.00             580                 
131			2079                2077                20371.00            20371.00            0.00                2079                1039.36             2.63                5475.00             578                 
132			2079                2077                20392.00            20392.00            0.00                2079                1039.39             2.58                5367.00             577                 
133			2079                2077                20392.00            20392.00            0.00                2079                1039.16             2.64                5483.00             577                 
134			2079                2077                20120.00            20120.00            0.00                2079                1038.95             2.59                5387.00             1579                
135			2079                2077                20350.00            20350.00            0.00                2079                1039.82             2.56                5317.00             577                 
136			2079                2077                20589.00            20589.00            0.00                2079                1038.89             2.68                5579.00             1498                
137			2079                2077                20454.00            20454.00            0.00                2079                1039.76             2.64                5498.00             579                 
138			2079                2077                20547.00            20547.00            0.00                2079                1039.61             2.58                5358.00             580                 
139			2079                2077                20662.00            20662.00            0.00                2079                1038.87             2.61                5416.00             578                 
140			2079                2077                20613.00            20613.00            0.00                2079                1038.97             2.64                5482.00             578                 
141			2079                2077                20739.00            20739.00            0.00                2079                1039.23             2.58                5366.00             577                 
142			2079                2077                19898.00            19898.00            0.00                2079                1039.17             2.43                5045.00             576                 
143			2079                2077                19907.00            19907.00            0.00                2079                1039.65             2.52                5243.00             576                 
144			2079                2077                19835.00            19835.00            0.00                2079                1039.08             2.34                4868.00             578                 
145			2079                2077                19848.00            19848.00            0.00                2079                1038.32             2.41                5019.00             1502                
146			2079                2077                20676.00            20676.00            0.00                2079                1039.15             2.62                5447.00             656                 
147			2079                2077                20453.00            20453.00            0.00                2079                1039.20             2.62                5444.00             580                 
148			2079                2077                20188.00            20188.00            0.00                2079                1039.51             2.60                5399.00             577                 
149			2079                2077                20143.00            20143.00            0.00                2079                1039.25             2.58                5359.00             1506                
150			2079                2077                20301.00            20301.00            0.00                2079                1039.04             2.63                5474.00             658                 
151			2079                2077                20528.00            20528.00            0.00                2079                1039.66             2.53                5265.00             657                 
152			2079                2077                20938.00            20938.00            0.00                2079                1038.98             2.59                5382.00             2424                
153			2079                2077                20209.00            20209.00            0.00                2079                1039.19             2.59                5382.00             578                 
154			2079                2077                20357.00            20357.00            0.00                2079                1038.90             2.62                5446.00             580                 
155			2079                2077                20717.00            20717.00            0.00                2079                1039.30             2.58                5367.00             577                 
156			2079                2077                20854.00            20854.00            0.00                2079                1039.78             2.61                5430.00             577                 
157			2079                2077                20678.00            20678.00            0.00                2079                1039.73             2.60                5404.00             578                 
158			2079                2077                20693.00            20693.00            0.00                2079                1039.61             2.65                5507.00             577                 
159			2079                2077                20203.00            20203.00            0.00                2079                1039.29             2.59                5388.00             579                 
160			2079                2077                19930.00            19930.00            0.00                2079                1039.61             2.61                5420.00             580                 
161			2079                2077                20321.00            20321.00            0.00                2079                1039.37             2.68                5575.00             576                 
162			2079                2077                20156.00            20156.00            0.00                2079                1039.01             2.61                5422.00             1584                
163			2079                2077                20565.00            20565.00            0.00                2079                1039.56             2.62                5451.00             580                 
164			2079                2077                20498.00            20498.00            0.00                2079                1039.80             2.64                5497.00             2425                
165			2079                2077                20218.00            20218.00            0.00                2079                1039.12             2.54                5275.00             1509                
166			2079                2077                20794.00            20794.00            0.00                2079                1039.36             2.51                5226.00             577                 
167			2079                2077                20537.00            20537.00            0.00                2079                1039.72             2.57                5339.00             577                 
168			2079                2077                20616.00            20616.00            0.00                2079                1039.05             2.63                5462.00             576                 
169			2079                2077                20184.00            20184.00            0.00                2079                1039.55             2.54                5287.00             577                 
170			2079                2077                20257.00            20257.00            0.00                2079                1039.75             2.56                5325.00             1584                
171			2079                2077                20380.00            20380.00            0.00                2079                1039.19             2.73                5675.00             577                 
172			2079                2077                20752.00            20752.00            0.00                2079                1039.12             2.59                5383.00             2424                
173			2079                2077                20319.00            20319.00            0.00                2079                1039.84             2.68                5562.00             2425                
174			2079                2077                20430.00            20430.00            0.00                2079                1039.05             2.56                5315.00             577                 
175			2079                2077                20273.00            20273.00            0.00                2079                1039.66             2.52                5229.00             580                 
176			2079                2077                20091.00            20091.00            0.00                2079                1039.31             2.63                5461.00             579                 
177			2079                2077                20603.00            20603.00            0.00                2079                1038.99             2.62                5457.00             577                 
178			2079                2077                20568.00            20568.00            0.00                2079                1039.72             2.61                5417.00             579                 
179			2079                2077                20203.00            20203.00            0.00                2079                1039.37             2.51                5223.00             1509                
180			2079                2077                20643.00            20643.00            0.00                2079                1039.43             2.57                5343.00             576                 
181			2079                2077                20352.00            20352.00            0.00                2079                1039.60             2.55                5310.00             577                 
182			2079                2077                20543.00            20543.00            0.00                2079                1039.26             2.60                5415.00             1501                
183			2079                2077                20139.00            20139.00            0.00                2079                1039.32             2.52                5230.00             1584                
184			2079                2077                20832.00            20832.00            0.00                2079                1039.12             2.66                5539.00             580                 
185			2079                2077                21010.00            21010.00            0.00                2079                1039.03             2.68                5578.00             580                 
186			2079                2077                20437.00            20437.00            0.00                2079                1039.56             2.62                5449.00             580                 
187			2079                2077                20446.00            20446.00            0.00                2079                1038.93             2.61                5428.00             1509                
188			2079                2077                20336.00            20336.00            0.00                2079                1039.20             2.61                5419.00             580                 
189			2079                2077                20914.00            20914.00            0.00                2079                1039.84             2.63                5474.00             655                 
190			2079                2077                20529.00            20529.00            0.00                2079                1039.36             2.69                5596.00             580                 
191			2079                2077                19972.00            19972.00            0.00                2079                1038.91             2.57                5339.00             1507                
192			2079                2077                20099.00            20099.00            0.00                2079                1039.53             2.55                5308.00             577                 
193			2079                2077                20534.00            20534.00            0.00                2079                1038.92             2.65                5506.00             1584                
194			2079                2077                20406.00            20406.00            0.00                2079                1039.32             2.62                5441.00             576                 
195			2079                2077                20454.00            20454.00            0.00                2079                1039.14             2.58                5372.00             580                 
196			2079                2077                20206.00            20206.00            0.00                2079                1039.46             2.56                5319.00             1502                
197			2079                2077                20508.00            20508.00            0.00                2079                1039.04             2.55                5294.00             580                 
198			2079                2077                20593.00            20593.00            0.00                2079                1039.80             2.62                5443.00             576                 
199			2079                2077                20682.00            20682.00            0.00                2079                1039.40             2.64                5490.00             657                 
200			2079                2077                20747.00            20747.00            0.00                2079                1039.00             2.70                5621.00             577                 
201			2079                2077                20325.00            20325.00            0.00                2079                1038.92             2.62                5457.00             576                 
202			2079                2077                20850.00            20850.00            0.00                2079                1039.77             2.63                5467.00             657                 
203			2079                2077                20564.00            20564.00            0.00                2079                1039.11             2.61                5423.00             576                 
204			2079                2077                20592.00            20592.00            0.00                2079                1039.20             2.58                5358.00             580                 
205			2079                2077                20625.00            20625.00            0.00                2079                1039.05             2.68                5569.00             578                 
206			2079                2077                20480.00            20480.00            0.00                2079                1039.15             2.77                5759.00             656                 
207			2079                2077                19810.00            19810.00            0.00                2079                1039.38             2.54                5277.00             1588                
208			2079                2077                20683.00            20683.00            0.00                2079                1039.18             2.60                5397.00             656                 
209			2079                2077                20195.00            20195.00            0.00                2079                1039.68             2.54                5285.00             576                 
210			2079                2077                20241.00            20241.00            0.00                2079                1038.99             2.50                5199.00             577                 
211			2079                2077                20570.00            20570.00            0.00                2079                1039.85             2.61                5418.00             581                 
212			2079                2077                20101.00            20101.00            0.00                2079                1039.49             2.60                5412.00             657                 
213			2079                2077                20673.00            20673.00            0.00                2079                1038.93             2.62                5451.00             579                 
214			2079                2077                20152.00            20152.00            0.00                2079                1039.79             2.50                5199.00             1587                
215			2079                2077                20508.00            20508.00            0.00                2079                1039.10             2.59                5383.00             577                 
216			2079                2077                20517.00            20517.00            0.00                2079                1039.38             2.69                5602.00             581                 
217			2079                2077                20533.00            20533.00            0.00                2079                1039.42             2.56                5316.00             576                 
218			2079                2077                20490.00            20490.00            0.00                2079                1039.25             2.66                5534.00             579                 
219			2079                2077                20208.00            20208.00            0.00                2079                1039.05             2.53                5260.00             580                 
220			2079                2077                20340.00            20340.00            0.00                2079                1039.29             2.55                5310.00             576                 
221			2079                2077                20509.00            20509.00            0.00                2079                1039.47             2.64                5497.00             575                 
222			2079                2077                20488.00            20488.00            0.00                2079                1039.05             2.60                5400.00             1506                
223			2079                2077                20545.00            20545.00            0.00                2079                1039.23             2.77                5762.00             578                 
224			2079                2077                20752.00            20752.00            0.00                2079                1039.74             2.63                5475.00             657                 
225			2079                2077                20967.00            20967.00            0.00                2079                1039.27             2.59                5381.00             2424                
226			2079                2077                21045.00            21045.00            0.00                2079                1039.09             2.60                5414.00             577                 
227			2079                2077                20343.00            20343.00            0.00                2079                1039.34             2.56                5330.00             1611                
228			2079                2077                20202.00            20202.00            0.00                2079                1039.23             2.55                5299.00             1584                
229			2079                2077                20638.00            20638.00            0.00                2079                1039.83             2.60                5410.00             576                 
230			2079                2077                20405.00            20405.00            0.00                2079                1039.75             2.55                5296.00             579                 
231			2079                2077                20897.00            20897.00            0.00                2079                1039.07             2.62                5441.00             580                 
232			2079                2077                19912.00            19912.00            0.00                2079                1039.57             2.51                5219.00             1507                
233			2079                2077                20797.00            20797.00            0.00                2079                1039.38             2.67                5551.00             657                 
234			2079                2077                20626.00            20626.00            0.00                2079                1039.00             2.59                5381.00             577                 
235			2079                2077                20314.00            20314.00            0.00                2079                1039.28             2.55                5303.00             2425                
236			2079                2077                20206.00            20206.00            0.00                2079                1039.17             2.57                5335.00             2425                
237			2079                2077                20343.00            20343.00            0.00                2079                1038.94             2.66                5524.00             576                 
238			2079                2077                20302.00            20302.00            0.00                2079                1039.62             2.51                5225.00             656                 
239			2079                2077                20506.00            20506.00            0.00                2079                1038.90             2.66                5520.00             1501                
240			2079                2077                20628.00            20628.00            0.00                2079                1039.75             2.68                5564.00             577                 
241			2079                2077                20655.00            20655.00            0.00                2079                1038.99             2.66                5533.00             577                 
242			2079                2077                20140.00            20140.00            0.00                2079                1039.49             2.61                5422.00             2424                
243			2079                2077                20558.00            20558.00            0.00                2079                1038.92             2.64                5497.00             577                 
244			2079                2077                20205.00            20205.00            0.00                2079                1039.25             2.61                5416.00             577                 
245			2079                2077                20429.00            20429.00            0.00                2079                1039.55             2.63                5473.00             580                 
246			2079                2077                20444.00            20444.00            0.00                2079                1039.10             2.56                5325.00             577                 
247			2079                2077                20769.00            20769.00            0.00                2079                1039.18             2.65                5508.00             580                 
248			2079                2077                19784.00            19784.00            0.00                2079                1039.37             2.58                5369.00             1585                
249			2079                2077                19955.00            19955.00            0.00                2079                1039.56             2.70                5615.00             576                 
250			2079                2077                20963.00            20963.00            0.00                2079                1039.64             2.60                5403.00             577                 
251			2079                2077                19937.00            19937.00            0.00                2079                1038.95             2.57                5340.00             577                 
252			2079                2077                20572.00            20572.00            0.00                2079                1039.48             2.57                5353.00             580                 
253			2079                2077                20131.00            20131.00            0.00                2079                1039.29             2.56                5314.00             577                 
254			2079                2077                20143.00            20143.00            0.00                2079                1038.96             2.54                5289.00             1588                
255			2079                2077                20496.00            20496.00            0.00                2079                1039.35             2.64                5482.00             577                 
256			2079                2077                20620.00            20620.00            0.00                2079                1039.01             2.60                5406.00             576                 
257			2079                2077                20399.00            20399.00            0.00                2079                1039.74             2.75                5719.00             657                 
258			2079                2077                20198.00            20198.00            0.00                2079                1039.53             2.55                5308.00             581                 
259			2079                2077                20491.00            20491.00            0.00                2079                1039.68             2.66                5524.00             657                 
260			2079                2077                20566.00            20566.00            0.00                2079                1039.85             2.78                5784.00             579                 
261			2079                2077                20956.00            20956.00            0.00                2079                1039.23             2.64                5481.00             580                 
262			2079                2077                20859.00            20859.00            0.00                2079                1039.05             2.74                5703.00             580                 
263			2079                2077                20155.00            20155.00            0.00                2079                1039.43             2.54                5285.00             1509                
264			2079                2077                20362.00            20362.00            0.00                2079                1039.27             2.61                5418.00             576                 
265			2079                2077                19747.00            19747.00            0.00                2079                1039.12             2.48                5166.00             1584                
266			2079                2077                20166.00            20166.00            0.00                2079                1039.36             2.58                5369.00             575                 
267			2079                2077                20120.00            20120.00            0.00                2079                1039.52             2.69                5599.00             577                 
268			2079                2077                20104.00            20104.00            0.00                2079                1038.91             2.50                5198.00             575                 
269			2079                2077                20685.00            20685.00            0.00                2079                1039.14             2.63                5461.00             578                 
270			2079                2077                20605.00            20605.00            0.00                2079                1039.73             2.61                5425.00             577                 
271			2079                2077                20474.00            20474.00            0.00                2079                1039.35             2.60                5397.00             580                 
272			2079                2077                20393.00            20393.00            0.00                2079                1038.94             2.57                5333.00             580                 
273			2079                2077                20238.00            20238.00            0.00                2079                1039.65             2.58                5374.00             578                 
274			2079                2077                20147.00            20147.00            0.00                2079                1039.43             2.55                5304.00             576                 
275			2079                2077                20858.00            20858.00            0.00                2079                1039.03             2.56                5321.00             578                 
276			2079                2077                20009.00            20009.00            0.00                2079                1039.35             2.69                5592.00             657                 
277			2079                2077                20363.00            20363.00            0.00                2079                1039.08             2.56                5313.00             577                 
278			2079                2077                20431.00            20431.00            0.00                2079                1039.28             2.59                5386.00             580                 
279			2079                2077                20462.00            20462.00            0.00                2079                1039.62             2.53                5268.00             1581                
280			2079                2077                20433.00            20433.00            0.00                2079                1038.87             2.62                5454.00             577                 
281			2079                2077                20758.00            20758.00            0.00                2079                1038.98             2.55                5306.00             576                 
282			2079                2077                20512.00            20512.00            0.00                2079                1039.14             2.57                5339.00             580                 
283			2079                2077                20328.00            20328.00            0.00                2079                1039.20             2.57                5348.00             1583                
284			2079                2077                20148.00            20148.00            0.00                2079                1039.12             2.55                5299.00             580                 
285			2079                2077                20581.00            20581.00            0.00                2079                1039.45             2.57                5349.00             577                 
286			2079                2077                21057.00            21057.00            0.00                2079                1039.15             2.60                5402.00             657                 
287			2079                2077                20293.00            20293.00            0.00                2079                1039.48             2.65                5514.00             657                 
288			2079                2077                20736.00            20736.00            0.00                2079                1039.71             2.69                5590.00             577                 
289			2079                2077                20576.00            20576.00            0.00                2079                1039.65             2.59                5388.00             1584                
290			2079                2077                21135.00            21135.00            0.00                2079                1039.14             2.59                5393.00             580                 
291			2079                2077                20342.00            20342.00            0.00                2079                1039.37             2.57                5340.00             577                 
292			2079                2077                20109.00            20109.00            0.00                2079                1039.85             2.71                5633.00             580                 
293			2079                2077                20281.00            20281.00            0.00                2079                1039.17             2.61                5421.00             656                 
294			2079                2077                20278.00            20278.00            0.00                2079                1039.08             2.71                5634.00             2424                
295			2079                2077                20317.00            20317.00            0.00                2079                1038.96             2.54                5280.00             1507                
296			2079                2077                20233.00            20233.00            0.00                2079                1039.61             2.63                5462.00             1502                
297			2079                2077                20687.00            20687.00            0.00                2079                1038.88             2.57                5347.00             1501                
298			2079                2077                20979.00            20979.00            0.00                2079                1039.68             2.60                5402.00             656                 
299			2079                2077                20187.00            20187.00            0.00                2079                1039.23             2.61                5430.00             656                 
300			2079                2077                20921.00            20921.00            0.00                2079                1039.84             2.76                5739.00             577                 
301			2079                2077                20386.00            20386.00            0.00                2079                1038.99             2.57                5336.00             578                 
302			2079                2077                20724.00            20724.00            0.00                2079                1039.13             2.65                5513.00             580                 
303			2079                2077                20069.00            20069.00            0.00                2079                1039.65             2.58                5370.00             1497                
304			2079                2077                20155.00            20155.00            0.00                2079                1039.31             2.58                5365.00             2425                
305			2079                2077                20503.00            20503.00            0.00                2079                1039.71             2.67                5549.00             577                 
306			2079                2077                20164.00            20164.00            0.00                2079                1039.10             2.54                5281.00             1579                
307			2079                2077                19898.00            19898.00            0.00                2079                1039.26             2.51                5221.00             576                 
308			2079                2077                20360.00            20360.00            0.00                2079                1039.21             2.53                5270.00             576                 
309			2079                2077                20771.00            20771.00            0.00                2079                1039.43             2.65                5501.00             578                 
310			2079                2077                20437.00            20437.00            0.00                2079                1039.16             2.54                5288.00             576                 
311			2079                2077                20185.00            20185.00            0.00                2079                1039.50             2.51                5222.00             580                 
312			2079                2077                20303.00            20303.00            0.00                2079                1038.88             2.56                5317.00             577                 
313			2079                2077                20281.00            20281.00            0.00                2079                1039.35             2.56                5320.00             1509                
314			2079                2077                20284.00            20284.00            0.00                2079                1039.67             2.59                5389.00             578                 
315			2079                2077                20604.00            20604.00            0.00                2079                1039.22             2.58                5368.00             2424                
316			2079                2077                20067.00            20067.00            0.00                2079                1039.40             2.65                5510.00             580                 
317			2079                2077                20750.00            20750.00            0.00                2079                1039.75             2.60                5397.00             576                 
318			2079                2077                20838.00            20838.00            0.00                2079                1039.15             2.64                5493.00             577                 
319			2079                2077                20362.00            20362.00            0.00                2079                1039.39             2.63                5470.00             580                 
320			2079                2077                20882.00            20882.00            0.00                2079                1039.18             2.57                5351.00             580                 
321			2079                2077                20214.00            20214.00            0.00                2079                1039.10             2.51                5221.00             578                 
322			2079                2077                20349.00            20349.00            0.00                2079                1039.64             2.61                5433.00             580                 
323			2079                2077                20378.00            20378.00            0.00                2079                1039.94             2.57                5343.00             1589                
324			2079                2077                20539.00            20539.00            0.00                2079                1039.54             2.56                5331.00             577                 
325			2079                2077                20588.00            20588.00            0.00                2079                1039.64             2.51                5214.00             656                 
326			2079                2077                21066.00            21066.00            0.00                2079                1039.11             2.70                5623.00             580                 
327			2079                2077                20678.00            20678.00            0.00                2079                1039.71             2.63                5461.00             577                 
328			2079                2077                20302.00            20302.00            0.00                2079                1039.37             2.49                5182.00             1584                
329			2079                2077                20549.00            20549.00            0.00                2079                1039.15             2.57                5334.00             578                 
330			2079                2077                20097.00            20097.00            0.00                2079                1039.50             2.59                5377.00             656                 
331			2079                2077                21026.00            21026.00            0.00                2079                1039.30             2.58                5363.00             1588                
332			2079                2077                20197.00            20197.00            0.00                2079                1039.63             2.59                5393.00             2426                
