1			636                 1                   5437.00             404.00              5033.00             637                 318.28              3.43                2188.00             250                 
2			636                 1                   5415.00             409.00              5006.00             637                 318.74              3.47                2213.00             695                 
3			636                 1                   5432.00             404.00              5028.00             637                 318.71              3.52                2244.00             706                 
4			636                 1                   5461.00             403.00              5058.00             637                 318.59              3.48                2214.00             250                 
5			-1                  -1                  -1                  -1                  -1                  -1                  -1                  -1                  -1                  -1                  
6			636                 1                   5445.00             403.00              5042.00             637                 318.79              3.58                2278.00             249                 
7			636                 1                   5402.00             403.00              4999.00             637                 318.25              3.46                2203.00             706                 
8			636                 1                   5458.00             404.00              5054.00             637                 318.65              3.47                2211.00             250                 
9			636                 1                   5341.00             402.00              4939.00             637                 318.38              3.45                2195.00             695                 
10			636                 1                   5495.00             404.00              5091.00             637                 318.89              3.47                2210.00             249                 
11			-1                  -1                  -1                  -1                  -1                  -1                  -1                  -1                  -1                  -1                  
12			636                 1                   5441.00             404.00              5037.00             637                 318.38              3.49                2221.00             706                 
13			636                 1                   5467.00             405.00              5062.00             637                 318.80              3.55                2264.00             706                 
14			636                 1                   5438.00             401.00              5037.00             637                 318.14              3.43                2182.00             250                 
15			636                 1                   5457.00             402.00              5055.00             637                 318.68              3.48                2218.00             250                 
16			636                 1                   5490.00             405.00              5085.00             637                 318.04              3.51                2234.00             250                 
17			636                 1                   5548.00             413.00              5135.00             637                 318.09              3.71                2364.00             249                 
18			636                 7                   5592.00             407.00              5185.00             637                 320.71              3.71                2364.00             270                 
19			636                 1                   5421.00             406.00              5015.00             637                 318.20              3.46                2206.00             706                 
20			636                 1                   5445.00             404.00              5041.00             637                 318.89              3.58                2279.00             249                 
21			636                 1                   5527.00             405.00              5122.00             637                 318.88              3.57                2277.00             250                 
22			636                 1                   5465.00             404.00              5061.00             637                 318.18              3.51                2238.00             706                 
23			636                 1                   5473.00             405.00              5068.00             637                 318.75              3.48                2217.00             249                 
24			636                 1                   5499.00             415.00              5084.00             637                 318.43              3.59                2290.00             249                 
25			636                 3                   5965.00             416.00              5549.00             637                 318.82              4.20                2675.00             322                 
26			636                 1                   5816.00             406.00              5410.00             637                 318.96              3.83                2439.00             250                 
27			636                 1                   5856.00             431.00              5425.00             637                 318.51              3.80                2418.00             706                 
28			636                 1                   6475.00             413.00              6062.00             637                 318.97              4.07                2590.00             250                 
29			636                 1                   5917.00             414.00              5503.00             637                 318.51              3.86                2460.00             249                 
30			636                 4                   6278.00             421.00              5857.00             637                 318.75              4.53                2885.00             784                 
31			636                 1                   6162.00             442.00              5720.00             637                 318.21              3.94                2512.00             250                 
32			636                 1                   6391.00             414.00              5977.00             637                 318.46              4.00                2548.00             250                 
33			636                 1                   5970.00             552.00              5418.00             637                 318.56              3.78                2407.00             249                 
34			636                 1                   5960.00             413.00              5547.00             637                 318.43              3.92                2499.00             249                 
35			636                 6                   6475.00             417.00              6058.00             637                 320.58              4.43                2825.00             271                 
36			636                 1                   5955.00             550.00              5405.00             637                 318.91              3.82                2432.00             250                 
37			636                 1                   5852.00             413.00              5439.00             637                 318.58              3.88                2472.00             250                 
38			636                 3                   6878.00             424.00              6454.00             637                 319.62              5.01                3192.00             778                 
39			636                 1                   5864.00             450.00              5414.00             637                 318.91              3.67                2340.00             695                 
40			636                 1                   5897.00             416.00              5481.00             637                 318.62              3.75                2386.00             259                 
41			636                 1                   6291.00             411.00              5880.00             637                 318.16              4.03                2566.00             250                 
42			-1                  -1                  -1                  -1                  -1                  -1                  -1                  -1                  -1                  -1                  
43			636                 1                   5920.00             457.00              5463.00             637                 318.14              3.80                2421.00             706                 
44			636                 6                   6217.00             433.00              5784.00             637                 320.39              4.14                2639.00             716                 
45			636                 1                   6037.00             412.00              5625.00             637                 318.90              3.83                2442.00             695                 
46			636                 1                   6238.00             595.00              5643.00             637                 318.65              4.00                2546.00             695                 
47			636                 1                   5985.00             416.00              5569.00             637                 318.05              3.82                2432.00             250                 
48			636                 1                   5989.00             413.00              5576.00             637                 318.77              3.83                2437.00             250                 
49			636                 1                   6442.00             502.00              5940.00             637                 318.60              4.10                2612.00             695                 
50			636                 1                   5836.00             415.00              5421.00             637                 318.24              3.76                2397.00             706                 
51			636                 1                   5844.00             454.00              5390.00             637                 318.78              3.75                2387.00             259                 
52			636                 7                   6780.00             413.00              6367.00             637                 321.04              4.57                2914.00             727                 
53			636                 1                   5921.00             420.00              5501.00             637                 318.53              3.91                2493.00             250                 
54			636                 2                   5922.00             410.00              5512.00             637                 318.73              3.76                2395.00             250                 
55			636                 1                   6783.00             419.00              6364.00             637                 318.82              4.30                2741.00             706                 
56			636                 1                   5808.00             414.00              5394.00             637                 318.29              3.73                2376.00             706                 
57			636                 1                   6113.00             409.00              5704.00             637                 318.03              3.93                2501.00             695                 
58			636                 3                   7063.00             425.00              6638.00             637                 318.66              4.96                3158.00             769                 
59			636                 1                   5856.00             413.00              5443.00             637                 318.34              3.76                2396.00             706                 
60			636                 1                   5977.00             413.00              5564.00             637                 318.46              3.92                2500.00             249                 
61			636                 1                   6751.00             413.00              6338.00             637                 318.60              4.30                2736.00             695                 
62			636                 1                   6015.00             456.00              5559.00             637                 318.34              3.93                2505.00             250                 
63			636                 1                   5960.00             415.00              5545.00             637                 318.99              3.94                2511.00             249                 
64			636                 1                   6512.00             415.00              6097.00             637                 318.50              4.12                2626.00             706                 
65			636                 1                   5904.00             416.00              5488.00             637                 318.72              3.84                2445.00             706                 
66			636                 1                   6176.00             426.00              5750.00             637                 318.02              3.94                2512.00             706                 
67			636                 1                   6208.00             420.00              5788.00             637                 318.52              3.97                2531.00             706                 
68			636                 1                   5933.00             525.00              5408.00             637                 318.06              3.75                2389.00             695                 
69			636                 1                   5937.00             414.00              5523.00             637                 318.35              3.75                2390.00             250                 
70			636                 1                   6113.00             413.00              5700.00             637                 318.63              3.88                2474.00             249                 
71			636                 1                   7791.00             520.00              7271.00             637                 318.21              4.81                3064.00             260                 
72			636                 1                   5864.00             424.00              5440.00             637                 318.76              3.83                2437.00             695                 
73			636                 1                   6645.00             414.00              6231.00             637                 318.38              4.38                2792.00             249                 
74			636                 1                   5782.00             420.00              5362.00             637                 318.98              3.67                2339.00             706                 
75			636                 1                   5988.00             410.00              5578.00             637                 318.08              3.84                2449.00             250                 
76			636                 1                   6168.00             412.00              5756.00             637                 318.98              4.22                2687.00             250                 
77			636                 1                   7789.00             566.00              7223.00             637                 318.73              4.86                3093.00             259                 
78			636                 1                   5939.00             416.00              5523.00             637                 318.31              3.82                2431.00             706                 
79			636                 1                   6103.00             410.00              5693.00             637                 318.25              4.00                2547.00             249                 
80			636                 1                   6370.00             569.00              5801.00             637                 318.46              4.06                2587.00             250                 
81			636                 1                   5856.00             414.00              5442.00             637                 318.40              3.87                2467.00             250                 
82			636                 1                   5848.00             415.00              5433.00             637                 318.39              3.86                2458.00             249                 
83			636                 1                   6618.00             550.00              6068.00             637                 318.56              4.40                2805.00             249                 
84			636                 1                   5932.00             423.00              5509.00             637                 318.98              4.14                2635.00             259                 
85			636                 1                   5773.00             412.00              5361.00             637                 318.30              3.75                2390.00             695                 
86			636                 1                   6601.00             502.00              6099.00             637                 318.68              4.32                2751.00             705                 
87			636                 1                   5827.00             414.00              5413.00             637                 318.25              3.67                2340.00             250                 
88			636                 1                   5939.00             499.00              5440.00             637                 318.17              3.78                2409.00             249                 
89			636                 1                   6380.00             411.00              5969.00             637                 318.07              4.30                2740.00             705                 
90			636                 1                   5824.00             410.00              5414.00             637                 318.83              3.72                2368.00             250                 
91			636                 1                   6116.00             455.00              5661.00             637                 318.45              3.88                2471.00             259                 
92			636                 1                   6134.00             531.00              5603.00             637                 318.64              3.99                2539.00             706                 
93			636                 1                   6588.00             418.00              6170.00             637                 318.59              4.19                2670.00             706                 
94			636                 1                   5850.00             415.00              5435.00             637                 318.78              3.77                2399.00             706                 
95			-1                  -1                  -1                  -1                  -1                  -1                  -1                  -1                  -1                  -1                  
96			636                 1                   5568.00             406.00              5162.00             637                 318.80              3.70                2357.00             259                 
97			636                 1                   5445.00             407.00              5038.00             637                 318.36              3.50                2232.00             695                 
98			636                 1                   5497.00             405.00              5092.00             637                 318.64              3.58                2279.00             259                 
99			636                 1                   5478.00             405.00              5073.00             637                 318.29              3.47                2208.00             250                 
100			636                 1                   5511.00             406.00              5105.00             637                 318.79              3.46                2205.00             249                 
101			636                 1                   5534.00             408.00              5126.00             637                 318.64              3.50                2231.00             249                 
102			636                 1                   5507.00             406.00              5101.00             637                 318.78              3.49                2223.00             249                 
103			636                 1                   5503.00             407.00              5096.00             637                 318.25              3.52                2240.00             250                 
104			636                 1                   5511.00             419.00              5092.00             637                 318.48              3.63                2311.00             249                 
105			636                 1                   5515.00             406.00              5109.00             637                 318.35              3.49                2224.00             250                 
106			636                 1                   5512.00             406.00              5106.00             637                 318.90              3.47                2209.00             250                 
107			636                 3                   5638.00             407.00              5231.00             637                 319.38              3.88                2473.00             270                 
108			636                 1                   5566.00             407.00              5159.00             637                 318.15              3.68                2347.00             251                 
109			636                 1                   5480.00             407.00              5073.00             637                 318.54              3.62                2303.00             250                 
110			636                 1                   5512.00             404.00              5108.00             637                 318.47              3.50                2230.00             250                 
111			636                 1                   5494.00             409.00              5085.00             637                 318.55              3.49                2224.00             250                 
112			636                 5                   5559.00             406.00              5153.00             637                 319.83              3.65                2323.00             261                 
113			-1                  -1                  -1                  -1                  -1                  -1                  -1                  -1                  -1                  -1                  
114			-1                  -1                  -1                  -1                  -1                  -1                  -1                  -1                  -1                  -1                  
115			636                 1                   5508.00             408.00              5100.00             637                 318.67              3.49                2220.00             259                 
116			636                 8                   5826.00             408.00              5418.00             637                 321.81              3.81                2430.00             727                 
117			636                 1                   6014.00             413.00              5601.00             637                 318.48              3.99                2542.00             250                 
118			636                 1                   5874.00             410.00              5464.00             637                 318.67              3.75                2389.00             706                 
119			636                 1                   6161.00             418.00              5743.00             637                 318.89              3.96                2520.00             706                 
120			636                 1                   6564.00             415.00              6149.00             637                 318.54              4.15                2641.00             706                 
121			636                 3                   6433.00             428.00              6005.00             637                 319.57              4.73                3010.00             794                 
122			636                 1                   5998.00             413.00              5585.00             637                 318.48              4.01                2552.00             249                 
123			636                 1                   6547.00             413.00              6134.00             637                 318.06              4.15                2643.00             706                 
124			636                 1                   6033.00             414.00              5619.00             637                 318.50              3.89                2479.00             706                 
125			636                 1                   6185.00             423.00              5762.00             637                 318.29              4.05                2577.00             249                 
126			636                 1                   6276.00             413.00              5863.00             637                 318.16              4.03                2570.00             695                 
127			636                 1                   5794.00             414.00              5380.00             637                 318.96              3.73                2374.00             706                 
128			636                 1                   5943.00             418.00              5525.00             637                 318.31              3.91                2493.00             249                 
129			636                 1                   6178.00             414.00              5764.00             637                 318.27              4.17                2654.00             250                 
130			636                 1                   6137.00             573.00              5564.00             637                 318.74              3.92                2495.00             250                 
131			636                 1                   5950.00             436.00              5514.00             637                 318.86              3.86                2461.00             250                 
132			636                 1                   6488.00             537.00              5951.00             637                 318.25              4.08                2597.00             250                 
133			636                 7                   6485.00             564.00              5921.00             637                 321.17              4.39                2798.00             716                 
134			636                 1                   5853.00             412.00              5441.00             637                 318.66              3.70                2356.00             249                 
135			636                 1                   6025.00             415.00              5610.00             637                 318.44              4.00                2547.00             250                 
136			636                 1                   8246.00             520.00              7726.00             637                 318.86              5.10                3250.00             705                 
137			636                 3                   6680.00             435.00              6245.00             637                 320.00              4.88                3108.00             785                 
138			636                 1                   5943.00             417.00              5526.00             637                 318.79              3.88                2470.00             250                 
139			636                 1                   8401.00             573.00              7828.00             637                 318.12              5.57                3545.00             249                 
140			636                 3                   6503.00             447.00              6056.00             637                 318.97              4.85                3090.00             328                 
141			636                 1                   6189.00             409.00              5780.00             637                 318.62              4.14                2635.00             250                 
142			636                 1                   7910.00             546.00              7364.00             637                 318.42              4.71                2999.00             249                 
143			636                 1                   6070.00             454.00              5616.00             637                 318.27              3.86                2461.00             250                 
144			636                 1                   6173.00             455.00              5718.00             637                 318.77              4.00                2546.00             706                 
145			636                 1                   6138.00             578.00              5560.00             637                 318.07              4.03                2567.00             249                 
146			636                 1                   5871.00             412.00              5459.00             637                 318.14              3.77                2402.00             249                 
147			636                 1                   6250.00             413.00              5837.00             637                 318.73              3.98                2537.00             250                 
148			636                 1                   7898.00             548.00              7350.00             637                 318.38              4.98                3171.00             695                 
149			636                 1                   6133.00             452.00              5681.00             637                 318.05              3.94                2507.00             706                 
150			636                 1                   6433.00             415.00              6018.00             637                 318.31              4.33                2759.00             249                 
151			636                 1                   5820.00             417.00              5403.00             637                 318.23              3.78                2409.00             706                 
152			636                 1                   6148.00             420.00              5728.00             637                 318.74              3.87                2467.00             250                 
153			636                 1                   6504.00             458.00              6046.00             637                 318.41              4.34                2764.00             249                 
154			636                 3                   6541.00             479.00              6062.00             637                 319.50              4.66                2969.00             792                 
155			636                 1                   6065.00             502.00              5563.00             637                 318.72              3.87                2464.00             706                 
156			636                 1                   6164.00             415.00              5749.00             637                 318.97              3.93                2506.00             695                 
157			636                 1                   6056.00             505.00              5551.00             637                 318.33              3.89                2476.00             250                 
158			636                 1                   6025.00             424.00              5601.00             637                 318.02              3.96                2520.00             249                 
159			636                 1                   6164.00             417.00              5747.00             637                 318.98              4.15                2642.00             250                 
160			636                 1                   6360.00             530.00              5830.00             637                 318.45              4.07                2595.00             250                 
161			636                 1                   5917.00             417.00              5500.00             637                 318.23              3.75                2390.00             249                 
162			636                 1                   5908.00             424.00              5484.00             637                 318.01              3.79                2414.00             249                 
163			636                 1                   6421.00             577.00              5844.00             637                 318.93              4.10                2610.00             705                 
164			636                 1                   5848.00             415.00              5433.00             637                 318.58              3.69                2349.00             249                 
165			636                 3                   6524.00             512.00              6012.00             637                 318.95              4.95                3156.00             337                 
166			636                 1                   6529.00             415.00              6114.00             637                 318.04              4.21                2682.00             706                 
167			636                 1                   5879.00             415.00              5464.00             637                 318.82              3.74                2385.00             250                 
168			636                 1                   5957.00             408.00              5549.00             637                 318.16              3.77                2401.00             250                 
169			636                 1                   6251.00             418.00              5833.00             637                 318.80              4.03                2565.00             706                 
170			636                 1                   5877.00             454.00              5423.00             637                 318.45              3.77                2401.00             706                 
171			636                 1                   5990.00             421.00              5569.00             637                 318.49              3.94                2507.00             250                 
172			636                 1                   6655.00             416.00              6239.00             637                 318.07              4.44                2828.00             249                 
173			636                 2                   5870.00             416.00              5454.00             637                 318.38              3.86                2459.00             706                 
174			636                 1                   5993.00             426.00              5567.00             637                 318.05              3.78                2407.00             249                 
175			636                 1                   6317.00             411.00              5906.00             637                 318.18              4.05                2577.00             706                 
176			636                 1                   5815.00             417.00              5398.00             637                 318.84              3.76                2396.00             695                 
177			636                 3                   6511.00             467.00              6044.00             637                 319.19              4.71                2998.00             774                 
178			636                 1                   6483.00             413.00              6070.00             637                 318.75              4.12                2626.00             249                 
179			636                 1                   5994.00             456.00              5538.00             637                 318.88              3.81                2424.00             249                 
180			636                 1                   5940.00             421.00              5519.00             637                 318.18              3.78                2406.00             250                 
181			636                 7                   6633.00             414.00              6219.00             637                 319.89              4.59                2925.00             260                 
182			636                 1                   5890.00             417.00              5473.00             637                 318.32              3.80                2420.00             695                 
183			636                 1                   6049.00             460.00              5589.00             637                 318.75              3.80                2418.00             250                 
184			636                 1                   6095.00             410.00              5685.00             637                 318.59              3.92                2496.00             706                 
185			636                 1                   5916.00             540.00              5376.00             637                 318.53              3.73                2379.00             706                 
186			636                 1                   5906.00             414.00              5492.00             637                 318.90              3.78                2408.00             250                 
187			636                 1                   6270.00             415.00              5855.00             637                 318.04              4.17                2658.00             249                 
188			636                 1                   6162.00             576.00              5586.00             637                 318.23              4.15                2645.00             250                 
189			636                 1                   5885.00             416.00              5469.00             637                 318.32              3.73                2377.00             250                 
190			636                 1                   6301.00             420.00              5881.00             637                 318.99              4.20                2675.00             249                 
191			636                 1                   6157.00             557.00              5600.00             637                 318.37              4.08                2600.00             250                 
192			636                 1                   5873.00             412.00              5461.00             637                 318.87              3.76                2392.00             706                 
193			636                 1                   5818.00             423.00              5395.00             637                 318.71              3.71                2364.00             249                 
194			636                 1                   6391.00             507.00              5884.00             637                 318.60              4.12                2626.00             249                 
195			636                 1                   5867.00             424.00              5443.00             637                 318.19              3.73                2378.00             250                 
196			636                 1                   5917.00             415.00              5502.00             637                 318.52              3.90                2487.00             259                 
197			636                 1                   6459.00             416.00              6043.00             637                 318.72              4.17                2658.00             706                 
198			636                 1                   5816.00             417.00              5399.00             637                 318.26              3.73                2379.00             706                 
199			636                 3                   6399.00             423.00              5976.00             637                 318.91              4.67                2975.00             780                 
200			636                 1                   6524.00             408.00              6116.00             637                 318.26              4.14                2638.00             705                 
201			636                 1                   5896.00             417.00              5479.00             637                 318.31              3.71                2363.00             250                 
202			636                 1                   5895.00             409.00              5486.00             637                 318.17              3.82                2432.00             250                 
203			636                 1                   6776.00             415.00              6361.00             637                 318.27              4.30                2741.00             695                 
204			636                 1                   5790.00             413.00              5377.00             637                 318.25              3.75                2386.00             706                 
205			636                 1                   6108.00             415.00              5693.00             637                 318.92              4.26                2715.00             259                 
206			636                 1                   6419.00             410.00              6009.00             637                 318.66              4.00                2550.00             250                 
207			636                 1                   5754.00             414.00              5340.00             637                 318.59              3.70                2354.00             705                 
208			636                 1                   5989.00             454.00              5535.00             637                 318.42              3.97                2529.00             250                 
209			636                 1                   6316.00             423.00              5893.00             637                 318.24              4.08                2597.00             695                 
210			636                 1                   6002.00             497.00              5505.00             637                 318.11              3.90                2485.00             706                 
211			636                 1                   5882.00             418.00              5464.00             637                 318.73              3.78                2406.00             249                 
212			636                 1                   6206.00             412.00              5794.00             637                 318.38              4.10                2610.00             250                 
213			636                 1                   6426.00             571.00              5855.00             637                 318.09              4.07                2594.00             249                 
214			636                 2                   5883.00             426.00              5457.00             637                 318.67              3.78                2408.00             706                 
215			636                 1                   6085.00             419.00              5666.00             637                 318.41              3.91                2489.00             250                 
216			636                 1                   8021.00             602.00              7419.00             637                 318.42              5.01                3189.00             249                 
217			636                 5                   5984.00             420.00              5564.00             637                 320.57              3.82                2432.00             270                 
218			636                 1                   6336.00             488.00              5848.00             637                 318.29              3.97                2526.00             250                 
219			636                 1                   6289.00             601.00              5688.00             637                 318.83              4.00                2549.00             250                 
220			636                 1                   5835.00             436.00              5399.00             637                 318.01              3.79                2412.00             695                 
221			636                 1                   5969.00             467.00              5502.00             637                 318.32              3.85                2450.00             249                 
222			636                 1                   6369.00             538.00              5831.00             637                 318.45              4.05                2577.00             249                 
223			636                 1                   5948.00             416.00              5532.00             637                 318.82              4.05                2583.00             259                 
224			636                 1                   6348.00             413.00              5935.00             637                 318.57              4.11                2617.00             695                 
225			636                 1                   5906.00             501.00              5405.00             637                 318.60              3.76                2395.00             250                 
226			636                 1                   5863.00             411.00              5452.00             637                 318.93              3.86                2462.00             249                 
227			636                 1                   6087.00             410.00              5677.00             637                 318.93              3.89                2475.00             249                 
228			636                 1                   6131.00             534.00              5597.00             637                 318.33              4.06                2584.00             250                 
229			636                 1                   5932.00             419.00              5513.00             637                 318.66              3.78                2407.00             249                 
230			636                 1                   6192.00             472.00              5720.00             637                 318.46              4.15                2643.00             249                 
231			636                 1                   7988.00             574.00              7414.00             637                 318.11              4.94                3147.00             249                 
232			636                 1                   6109.00             412.00              5697.00             637                 318.33              3.95                2518.00             695                 
233			636                 1                   6356.00             417.00              5939.00             637                 318.20              4.08                2601.00             695                 
234			636                 1                   5906.00             482.00              5424.00             637                 318.10              3.75                2390.00             695                 
235			636                 1                   5906.00             462.00              5444.00             637                 318.15              3.79                2416.00             250                 
236			636                 1                   6460.00             457.00              6003.00             637                 318.84              4.13                2628.00             249                 
237			636                 1                   6029.00             571.00              5458.00             637                 318.28              3.87                2468.00             695                 
238			636                 1                   5781.00             427.00              5354.00             637                 318.70              3.72                2371.00             695                 
239			636                 1                   6057.00             488.00              5569.00             637                 318.34              3.86                2459.00             695                 
240			636                 1                   6337.00             506.00              5831.00             637                 318.20              4.18                2662.00             250                 
241			636                 1                   6057.00             460.00              5597.00             637                 318.55              3.80                2423.00             249                 
242			636                 1                   5745.00             419.00              5326.00             637                 318.61              3.73                2375.00             706                 
243			636                 1                   6561.00             656.00              5905.00             637                 318.19              4.22                2687.00             706                 
244			636                 1                   5907.00             426.00              5481.00             637                 318.76              3.87                2467.00             259                 
245			636                 1                   6005.00             453.00              5552.00             637                 318.47              3.98                2533.00             250                 
246			636                 1                   6678.00             563.00              6115.00             637                 318.13              4.40                2805.00             706                 
247			636                 2                   5925.00             417.00              5508.00             637                 319.11              3.90                2486.00             259                 
248			636                 1                   5853.00             415.00              5438.00             637                 318.85              3.72                2370.00             250                 
249			636                 2                   6618.00             417.00              6201.00             637                 318.36              4.26                2714.00             706                 
250			636                 1                   5845.00             417.00              5428.00             637                 318.10              3.75                2390.00             249                 
251			636                 1                   7587.00             416.00              7171.00             637                 318.33              4.53                2885.00             250                 
252			-1                  -1                  -1                  -1                  -1                  -1                  -1                  -1                  -1                  -1                  
253			-1                  -1                  -1                  -1                  -1                  -1                  -1                  -1                  -1                  -1                  
254			636                 1                   6076.00             439.00              5637.00             637                 318.02              3.90                2484.00             695                 
255			636                 1                   6107.00             513.00              5594.00             637                 318.71              3.85                2454.00             249                 
256			636                 1                   5989.00             420.00              5569.00             637                 318.16              3.81                2429.00             250                 
257			636                 1                   5965.00             416.00              5549.00             637                 318.10              4.00                2550.00             260                 
258			636                 1                   5851.00             412.00              5439.00             637                 318.74              3.74                2381.00             250                 
259			636                 1                   5776.00             415.00              5361.00             637                 318.46              3.73                2376.00             706                 
260			636                 1                   5840.00             423.00              5417.00             637                 318.73              3.77                2404.00             249                 
261			636                 1                   5931.00             410.00              5521.00             637                 318.05              3.83                2437.00             706                 
262			636                 1                   7738.00             458.00              7280.00             637                 318.63              4.81                3065.00             705                 
263			636                 1                   5936.00             419.00              5517.00             637                 318.99              3.89                2481.00             249                 
264			636                 1                   5965.00             415.00              5550.00             637                 318.05              3.83                2439.00             250                 
265			636                 1                   5983.00             456.00              5527.00             637                 318.97              3.85                2455.00             695                 
266			636                 1                   5927.00             412.00              5515.00             637                 318.38              3.76                2397.00             249                 
267			636                 1                   5770.00             410.00              5360.00             637                 318.24              3.77                2401.00             695                 
268			636                 1                   5998.00             413.00              5585.00             637                 318.97              3.82                2433.00             250                 
269			636                 1                   5739.00             413.00              5326.00             637                 318.32              3.71                2364.00             695                 
270			636                 1                   5971.00             413.00              5558.00             637                 318.03              3.81                2429.00             249                 
271			636                 1                   5446.00             405.00              5041.00             637                 318.73              3.49                2220.00             695                 
272			636                 1                   5434.00             402.00              5032.00             637                 318.13              3.41                2170.00             249                 
273			636                 1                   5555.00             401.00              5154.00             637                 318.16              3.56                2266.00             706                 
274			636                 1                   5372.00             402.00              4970.00             637                 318.91              3.48                2214.00             705                 
275			636                 1                   5527.00             410.00              5117.00             637                 318.24              3.51                2236.00             249                 
276			636                 3                   6018.00             414.00              5604.00             637                 319.46              4.22                2686.00             328                 
277			636                 1                   5366.00             402.00              4964.00             637                 318.02              3.48                2219.00             695                 
278			636                 1                   5452.00             402.00              5050.00             637                 318.69              3.49                2222.00             249                 
279			636                 1                   5525.00             418.00              5107.00             637                 318.52              3.52                2241.00             250                 
280			636                 1                   5469.00             404.00              5065.00             637                 318.11              3.49                2222.00             250                 
281			636                 1                   5403.00             401.00              5002.00             637                 318.26              3.44                2189.00             250                 
282			636                 1                   5491.00             400.00              5091.00             637                 318.32              3.60                2293.00             249                 
283			636                 1                   5389.00             405.00              4984.00             637                 318.14              3.49                2222.00             706                 
284			636                 1                   5508.00             406.00              5102.00             637                 318.58              3.51                2237.00             249                 
285			636                 1                   5454.00             406.00              5048.00             637                 318.41              3.49                2224.00             706                 
286			636                 1                   5493.00             405.00              5088.00             637                 318.48              3.48                2217.00             249                 
287			636                 3                   5931.00             412.00              5519.00             637                 319.87              4.31                2747.00             313                 
288			636                 1                   5463.00             404.00              5059.00             637                 318.36              3.48                2216.00             250                 
289			636                 1                   5458.00             404.00              5054.00             637                 318.70              3.46                2207.00             250                 
290			636                 1                   5442.00             402.00              5040.00             637                 318.30              3.60                2292.00             249                 
291			636                 1                   5456.00             403.00              5053.00             637                 318.30              3.46                2207.00             250                 
292			636                 1                   5483.00             407.00              5076.00             637                 318.49              3.48                2218.00             249                 
293			636                 1                   5486.00             483.00              5003.00             637                 318.06              3.48                2219.00             249                 
294			636                 1                   5438.00             402.00              5036.00             637                 318.35              3.60                2295.00             250                 
295			636                 3                   5886.00             412.00              5474.00             637                 319.05              4.22                2687.00             783                 
296			636                 1                   5433.00             404.00              5029.00             637                 318.76              3.44                2193.00             249                 
297			636                 1                   5494.00             404.00              5090.00             637                 318.80              3.63                2315.00             250                 
298			636                 1                   5404.00             402.00              5002.00             637                 318.36              3.56                2268.00             249                 
299			636                 1                   5439.00             403.00              5036.00             637                 318.74              3.41                2172.00             249                 
300			636                 1                   5353.00             403.00              4950.00             637                 318.15              3.42                2179.00             706                 
301			636                 1                   5418.00             404.00              5014.00             637                 318.55              3.49                2226.00             695                 
302			636                 1                   5440.00             401.00              5039.00             637                 318.66              3.45                2198.00             249                 
303			636                 7                   5531.00             403.00              5128.00             637                 321.00              3.79                2413.00             270                 
304			636                 1                   5428.00             401.00              5027.00             637                 318.49              3.46                2204.00             249                 
305			636                 1                   5417.00             401.00              5016.00             637                 318.64              3.46                2201.00             249                 
306			636                 1                   5579.00             401.00              5178.00             637                 318.51              3.60                2292.00             695                 
307			636                 1                   5458.00             406.00              5052.00             637                 318.28              3.46                2201.00             249                 
308			636                 1                   5459.00             408.00              5051.00             637                 318.93              3.45                2200.00             250                 
309			-1                  -1                  -1                  -1                  -1                  -1                  -1                  -1                  -1                  -1                  
310			636                 1                   5498.00             404.00              5094.00             637                 318.01              3.52                2244.00             250                 
311			636                 1                   5442.00             406.00              5036.00             637                 318.07              3.52                2244.00             695                 
312			636                 4                   5705.00             409.00              5296.00             637                 318.51              3.78                2410.00             262                 
313			636                 1                   5487.00             406.00              5081.00             637                 318.05              3.62                2304.00             249                 
314			636                 1                   5428.00             406.00              5022.00             637                 318.00              3.51                2235.00             706                 
315			636                 1                   5534.00             405.00              5129.00             637                 318.78              3.51                2236.00             250                 
316			636                 1                   5450.00             404.00              5046.00             637                 318.77              3.62                2303.00             249                 
317			636                 1                   5509.00             402.00              5107.00             637                 318.88              3.51                2234.00             249                 
318			636                 1                   5417.00             403.00              5014.00             637                 318.55              3.43                2184.00             249                 
319			636                 1                   5433.00             401.00              5032.00             637                 318.89              3.44                2189.00             250                 
320			636                 1                   5605.00             404.00              5201.00             637                 318.93              3.66                2329.00             250                 
321			636                 1                   5517.00             405.00              5112.00             637                 318.32              3.49                2222.00             250                 
322			636                 1                   5444.00             401.00              5043.00             637                 318.15              3.58                2283.00             249                 
323			636                 1                   5489.00             403.00              5086.00             637                 318.21              3.60                2293.00             249                 
324			636                 1                   5462.00             403.00              5059.00             637                 318.03              3.48                2218.00             249                 
325			636                 1                   5449.00             403.00              5046.00             637                 318.08              3.43                2187.00             249                 
326			636                 1                   5479.00             404.00              5075.00             637                 318.91              3.59                2288.00             250                 
327			636                 1                   5479.00             405.00              5074.00             637                 318.12              3.45                2196.00             250                 
328			636                 1                   5466.00             406.00              5060.00             637                 318.57              3.55                2261.00             695                 
329			636                 1                   5499.00             409.00              5090.00             637                 318.34              3.64                2319.00             249                 
330			636                 1                   5503.00             407.00              5096.00             637                 318.12              3.48                2215.00             250                 
331			636                 1                   5472.00             411.00              5061.00             637                 318.29              3.52                2240.00             250                 
332			636                 1                   5457.00             405.00              5052.00             637                 318.33              3.50                2227.00             695                 
333			636                 1                   5530.00             405.00              5125.00             637                 318.90              3.60                2296.00             249                 
334			636                 1                   5478.00             406.00              5072.00             637                 318.50              3.60                2291.00             250                 
335			636                 1                   5523.00             405.00              5118.00             637                 318.47              3.63                2315.00             250                 
336			636                 1                   5645.00             401.00              5244.00             637                 318.83              3.77                2402.00             258                 
337			636                 1                   5433.00             405.00              5028.00             637                 318.81              3.50                2230.00             706                 
338			636                 1                   5531.00             407.00              5124.00             637                 318.31              3.54                2255.00             250                 
339			636                 1                   5456.00             402.00              5054.00             637                 318.60              3.48                2217.00             259                 
340			636                 1                   5561.00             418.00              5143.00             637                 318.60              3.53                2247.00             250                 
341			636                 1                   5524.00             406.00              5118.00             637                 318.23              3.54                2254.00             250                 
342			636                 1                   5510.00             407.00              5103.00             637                 318.87              3.52                2244.00             259                 
343			636                 1                   5456.00             405.00              5051.00             637                 318.04              3.49                2225.00             249                 
344			636                 2                   5542.00             409.00              5133.00             637                 318.54              3.55                2261.00             250                 
345			636                 2                   5608.00             406.00              5202.00             637                 318.83              3.95                2519.00             271                 
346			636                 1                   5546.00             406.00              5140.00             637                 318.28              3.63                2313.00             250                 
347			636                 1                   5444.00             407.00              5037.00             637                 318.12              3.49                2225.00             706                 
348			636                 1                   5413.00             400.00              5013.00             637                 318.68              3.45                2199.00             249                 
349			636                 3                   5939.00             413.00              5526.00             637                 319.09              4.26                2712.00             329                 
350			636                 1                   5385.00             404.00              4981.00             637                 318.40              3.47                2209.00             706                 
351			636                 1                   5505.00             404.00              5101.00             637                 318.62              3.50                2228.00             250                 
352			636                 1                   5640.00             403.00              5237.00             637                 318.23              3.58                2280.00             249                 
353			636                 1                   5976.00             415.00              5561.00             637                 318.34              3.78                2409.00             250                 
354			636                 1                   6000.00             498.00              5502.00             637                 318.11              4.07                2593.00             249                 
355			636                 1                   5813.00             417.00              5396.00             637                 318.57              3.77                2403.00             706                 
356			636                 5                   6231.00             466.00              5765.00             637                 320.62              4.25                2705.00             283                 
357			636                 3                   6669.00             431.00              6238.00             637                 319.60              4.79                3052.00             339                 
