1			524                 523                 5585.00             5585.00             0.00                524                 261.79              6.05                3171.00             852                 
2			524                 523                 5615.00             5615.00             0.00                524                 261.79              6.07                3180.00             863                 
3			524                 523                 5565.00             5565.00             0.00                524                 262.27              5.79                3032.00             851                 
4			524                 523                 5506.00             5506.00             0.00                524                 262.27              5.77                3021.00             851                 
5			524                 523                 5506.00             5506.00             0.00                524                 261.99              5.76                3018.00             862                 
6			524                 523                 5451.00             5451.00             0.00                524                 261.99              5.68                2974.00             852                 
7			524                 523                 5705.00             5705.00             0.00                524                 262.50              5.93                3106.00             851                 
8			524                 523                 5508.00             5508.00             0.00                524                 262.50              5.75                3015.00             851                 
9			524                 523                 5517.00             5517.00             0.00                524                 261.69              5.88                3081.00             863                 
10			524                 523                 5440.00             5440.00             0.00                524                 261.69              6.06                3175.00             852                 
11			524                 523                 5545.00             5545.00             0.00                524                 261.99              5.76                3020.00             852                 
12			524                 523                 5493.00             5493.00             0.00                524                 261.99              5.72                2997.00             862                 
13			524                 523                 5511.00             5511.00             0.00                524                 261.52              6.13                3211.00             863                 
14			524                 523                 5589.00             5589.00             0.00                524                 261.52              6.14                3217.00             863                 
15			524                 523                 5477.00             5477.00             0.00                524                 261.56              6.05                3170.00             852                 
16			524                 523                 5472.00             5472.00             0.00                524                 261.56              6.06                3173.00             863                 
17			524                 523                 5540.00             5540.00             0.00                524                 261.65              5.99                3141.00             845                 
18			524                 523                 5443.00             5443.00             0.00                524                 261.65              6.00                3142.00             863                 
19			524                 523                 5532.00             5532.00             0.00                524                 262.24              6.01                3151.00             862                 
20			524                 523                 5574.00             5574.00             0.00                524                 262.24              6.10                3195.00             862                 
21			524                 523                 5484.00             5484.00             0.00                524                 261.84              5.76                3016.00             863                 
22			524                 523                 5241.00             5241.00             0.00                524                 261.84              5.48                2873.00             863                 
23			524                 523                 5578.00             5578.00             0.00                524                 261.59              6.19                3243.00             833                 
24			524                 523                 5310.00             5310.00             0.00                524                 261.59              5.86                3071.00             845                 
25			524                 523                 5320.00             5320.00             0.00                524                 261.86              5.98                3136.00             844                 
26			524                 523                 5412.00             5412.00             0.00                524                 261.86              6.02                3156.00             844                 
27			524                 523                 5516.00             5516.00             0.00                524                 261.64              6.14                3216.00             863                 
28			524                 523                 5507.00             5507.00             0.00                524                 261.64              6.08                3185.00             863                 
29			524                 523                 5721.00             5721.00             0.00                524                 262.23              6.25                3273.00             862                 
30			524                 523                 5517.00             5517.00             0.00                524                 262.23              5.74                3006.00             851                 
31			524                 523                 5480.00             5480.00             0.00                524                 262.05              6.07                3183.00             845                 
32			524                 523                 5556.00             5556.00             0.00                524                 262.05              6.18                3236.00             845                 
33			524                 523                 5520.00             5520.00             0.00                524                 261.66              5.91                3095.00             863                 
34			524                 523                 5564.00             5564.00             0.00                524                 261.66              5.94                3113.00             863                 
35			524                 523                 5613.00             5613.00             0.00                524                 261.59              6.07                3181.00             833                 
36			524                 523                 5593.00             5593.00             0.00                524                 261.59              6.01                3150.00             845                 
37			524                 523                 5643.00             5643.00             0.00                524                 262.48              5.94                3111.00             853                 
38			524                 522                 5544.00             5544.00             0.00                524                 261.73              5.91                3097.00             852                 
39			524                 523                 5503.00             5503.00             0.00                524                 261.95              5.73                3004.00             862                 
40			524                 523                 5561.00             5561.00             0.00                524                 261.95              5.82                3051.00             863                 
41			524                 523                 5544.00             5544.00             0.00                524                 262.17              6.01                3151.00             862                 
42			524                 522                 5596.00             5596.00             0.00                524                 262.00              5.89                3088.00             863                 
43			524                 523                 5472.00             5472.00             0.00                524                 261.87              5.69                2983.00             863                 
44			524                 523                 5517.00             5517.00             0.00                524                 261.87              5.77                3023.00             863                 
45			524                 523                 5620.00             5620.00             0.00                524                 262.32              6.12                3205.00             862                 
46			524                 523                 5557.00             5557.00             0.00                524                 262.32              5.81                3043.00             851                 
47			524                 522                 5711.00             5711.00             0.00                524                 261.10              6.25                3276.00             845                 
48			524                 523                 5651.00             5651.00             0.00                524                 261.58              6.08                3188.00             845                 
49			524                 523                 5612.00             5612.00             0.00                524                 262.48              6.10                3195.00             862                 
50			524                 523                 5549.00             5549.00             0.00                524                 262.48              6.02                3154.00             862                 
51			524                 522                 5717.00             5717.00             0.00                524                 261.29              6.29                3298.00             863                 
52			524                 523                 5534.00             5534.00             0.00                524                 261.97              5.78                3030.00             863                 
53			524                 523                 5526.00             5526.00             0.00                524                 262.28              6.13                3210.00             852                 
54			524                 523                 5615.00             5615.00             0.00                524                 262.28              6.28                3290.00             863                 
55			524                 522                 5586.00             5586.00             0.00                524                 261.45              5.88                3079.00             853                 
56			524                 523                 5598.00             5598.00             0.00                524                 261.78              5.92                3102.00             853                 
57			524                 523                 5513.00             5513.00             0.00                524                 261.65              6.13                3212.00             852                 
58			524                 523                 5523.00             5523.00             0.00                524                 261.65              6.13                3212.00             852                 
59			524                 523                 5542.00             5542.00             0.00                524                 261.65              6.08                3186.00             852                 
60			524                 523                 5510.00             5510.00             0.00                524                 261.65              5.84                3058.00             863                 
61			524                 523                 5563.00             5563.00             0.00                524                 262.01              5.79                3035.00             852                 
62			524                 523                 5589.00             5589.00             0.00                524                 262.01              5.84                3060.00             862                 
63			524                 523                 5549.00             5549.00             0.00                524                 262.19              5.82                3052.00             851                 
64			524                 523                 5576.00             5576.00             0.00                524                 262.19              5.82                3049.00             851                 
65			524                 523                 5564.00             5564.00             0.00                524                 262.04              5.81                3045.00             852                 
66			524                 523                 5557.00             5557.00             0.00                524                 262.04              5.80                3038.00             862                 
67			524                 523                 5569.00             5569.00             0.00                524                 262.49              5.80                3038.00             851                 
68			524                 523                 5547.00             5547.00             0.00                524                 262.49              5.79                3035.00             851                 
69			524                 523                 5610.00             5610.00             0.00                524                 261.80              6.02                3154.00             852                 
70			524                 523                 5604.00             5604.00             0.00                524                 261.80              5.90                3092.00             864                 
71			524                 523                 5532.00             5532.00             0.00                524                 262.30              5.94                3115.00             853                 
72			524                 523                 5586.00             5586.00             0.00                524                 262.30              5.89                3084.00             853                 
73			524                 523                 5575.00             5575.00             0.00                524                 262.25              6.04                3163.00             862                 
74			524                 523                 5552.00             5552.00             0.00                524                 262.25              6.02                3157.00             862                 
75			524                 523                 5464.00             5464.00             0.00                524                 261.59              5.71                2993.00             853                 
76			524                 523                 5326.00             5326.00             0.00                524                 261.59              5.62                2943.00             844                 
77			524                 523                 5383.00             5383.00             0.00                524                 262.19              6.09                3190.00             853                 
78			524                 523                 5524.00             5524.00             0.00                524                 262.19              6.18                3236.00             864                 
79			524                 523                 5566.00             5566.00             0.00                524                 261.99              5.83                3057.00             863                 
80			524                 523                 5614.00             5614.00             0.00                524                 261.99              5.86                3070.00             862                 
81			524                 523                 5585.00             5585.00             0.00                524                 262.50              6.05                3171.00             862                 
82			524                 523                 5600.00             5600.00             0.00                524                 262.50              6.04                3163.00             862                 
83			524                 523                 5611.00             5611.00             0.00                524                 262.38              6.04                3167.00             844                 
84			524                 523                 5674.00             5674.00             0.00                524                 262.38              6.16                3229.00             854                 
85			524                 523                 5611.00             5611.00             0.00                524                 262.20              6.07                3179.00             844                 
86			524                 523                 5614.00             5614.00             0.00                524                 262.20              6.23                3262.00             844                 
87			524                 523                 5512.00             5512.00             0.00                524                 262.11              5.90                3090.00             844                 
88			524                 523                 5540.00             5540.00             0.00                524                 262.11              6.15                3221.00             845                 
89			524                 523                 5490.00             5490.00             0.00                524                 261.69              5.85                3063.00             863                 
90			524                 523                 5561.00             5561.00             0.00                524                 261.69              5.92                3102.00             852                 
91			524                 523                 5694.00             5694.00             0.00                524                 261.93              6.24                3269.00             853                 
92			524                 523                 5475.00             5475.00             0.00                524                 261.93              6.05                3170.00             854                 
93			524                 523                 5611.00             5611.00             0.00                524                 262.37              5.86                3071.00             851                 
94			524                 523                 5568.00             5568.00             0.00                524                 262.37              5.79                3035.00             851                 
95			524                 523                 5521.00             5521.00             0.00                524                 262.40              6.10                3197.00             853                 
96			524                 523                 5557.00             5557.00             0.00                524                 262.40              6.18                3238.00             853                 
97			524                 523                 5870.00             5870.00             0.00                524                 261.79              6.16                3229.00             852                 
98			524                 523                 5633.00             5633.00             0.00                524                 261.79              6.08                3186.00             863                 
99			524                 523                 5538.00             5538.00             0.00                524                 261.63              5.90                3092.00             863                 
100			524                 523                 5542.00             5542.00             0.00                524                 261.63              5.93                3108.00             863                 
101			524                 523                 5584.00             5584.00             0.00                524                 262.31              5.86                3071.00             863                 
102			524                 523                 5530.00             5530.00             0.00                524                 262.31              5.78                3030.00             863                 
103			524                 523                 5563.00             5563.00             0.00                524                 262.36              5.85                3063.00             863                 
104			524                 523                 5587.00             5587.00             0.00                524                 262.36              6.20                3251.00             852                 
105			524                 523                 5546.00             5546.00             0.00                524                 262.37              6.06                3178.00             862                 
106			524                 523                 5558.00             5558.00             0.00                524                 262.37              6.07                3179.00             862                 
107			524                 523                 5537.00             5537.00             0.00                524                 262.07              5.79                3032.00             852                 
108			524                 523                 5552.00             5552.00             0.00                524                 262.07              5.82                3048.00             852                 
109			524                 523                 5570.00             5570.00             0.00                524                 262.23              5.79                3032.00             863                 
110			524                 523                 5588.00             5588.00             0.00                524                 262.23              5.81                3047.00             863                 
111			524                 523                 5519.00             5519.00             0.00                524                 261.68              5.90                3090.00             844                 
112			524                 523                 5586.00             5586.00             0.00                524                 261.68              6.19                3241.00             852                 
113			524                 523                 5583.00             5583.00             0.00                524                 261.87              6.18                3236.00             863                 
114			524                 523                 5557.00             5557.00             0.00                524                 261.87              6.14                3218.00             852                 
115			524                 523                 5576.00             5576.00             0.00                524                 261.53              6.13                3211.00             863                 
116			524                 523                 5503.00             5503.00             0.00                524                 261.53              6.08                3186.00             852                 
117			524                 523                 5574.00             5574.00             0.00                524                 262.08              6.06                3177.00             862                 
118			524                 523                 5586.00             5586.00             0.00                524                 262.08              5.87                3074.00             852                 
119			524                 523                 5570.00             5570.00             0.00                524                 261.66              5.90                3093.00             863                 
120			524                 523                 5554.00             5554.00             0.00                524                 261.66              5.89                3088.00             863                 
121			524                 523                 5568.00             5568.00             0.00                524                 262.13              5.82                3048.00             851                 
122			524                 523                 5582.00             5582.00             0.00                524                 262.13              6.05                3172.00             862                 
123			524                 523                 5580.00             5580.00             0.00                524                 261.64              6.19                3244.00             852                 
124			524                 523                 5602.00             5602.00             0.00                524                 261.64              5.95                3119.00             863                 
125			524                 522                 5520.00             5520.00             0.00                524                 260.85              6.15                3224.00             863                 
126			524                 523                 5665.00             5665.00             0.00                524                 261.78              6.37                3339.00             845                 
127			524                 522                 5521.00             5521.00             0.00                524                 261.96              6.10                3199.00             853                 
128			524                 523                 5312.00             5312.00             0.00                524                 261.84              6.01                3147.00             853                 
129			524                 522                 5263.00             5263.00             0.00                524                 261.36              5.51                2889.00             853                 
130			524                 523                 5439.00             5439.00             0.00                524                 261.83              5.95                3118.00             864                 
131			524                 522                 5510.00             5510.00             0.00                524                 262.30              6.05                3168.00             852                 
132			524                 523                 5518.00             5518.00             0.00                524                 261.82              5.77                3025.00             863                 
133			524                 523                 5566.00             5566.00             0.00                524                 262.08              5.85                3066.00             851                 
134			524                 523                 5561.00             5561.00             0.00                524                 262.08              5.81                3046.00             851                 
135			524                 523                 5562.00             5562.00             0.00                524                 262.20              6.15                3223.00             853                 
136			524                 523                 5549.00             5549.00             0.00                524                 262.20              6.13                3211.00             853                 
137			524                 523                 5776.00             5776.00             0.00                524                 261.64              6.16                3227.00             863                 
138			524                 523                 5566.00             5566.00             0.00                524                 261.64              6.19                3246.00             852                 
139			524                 523                 5582.00             5582.00             0.00                524                 262.25              5.83                3055.00             851                 
140			524                 523                 5548.00             5548.00             0.00                524                 262.25              6.03                3160.00             862                 
141			524                 523                 5551.00             5551.00             0.00                524                 262.10              6.00                3145.00             862                 
142			524                 523                 5516.00             5516.00             0.00                524                 262.10              5.91                3097.00             844                 
143			524                 523                 5535.00             5535.00             0.00                524                 261.95              6.06                3178.00             863                 
144			524                 523                 5574.00             5574.00             0.00                524                 261.95              6.02                3157.00             852                 
