1			636                 1                   370.00              5                   301.00              13                  
2			636                 1                   481.00              7                   401.00              23                  
3			636                 1                   481.00              6                   402.00              23                  
4			636                 1                   371.00              6                   306.00              13                  
5			636                 1                   380.00              5                   311.00              13                  
6			636                 1                   256.00              5                   200.00              13                  
7			636                 1                   349.00              7                   284.00              13                  
8			636                 1                   255.00              4                   201.00              13                  
9			636                 1                   370.00              4                   298.00              13                  
10			636                 1                   414.00              8                   338.00              13                  
11			636                 1                   407.00              8                   334.00              13                  
12			636                 1                   361.00              7                   292.00              13                  
13			636                 1                   415.00              7                   340.00              13                  
14			636                 1                   409.00              7                   337.00              13                  
15			636                 1                   397.00              4                   322.00              13                  
16			636                 1                   381.00              8                   313.00              13                  
17			636                 1                   374.00              7                   307.00              13                  
18			636                 1                   913.00              49                  836.00              44                  
19			636                 1                   398.00              6                   328.00              13                  
20			636                 1                   412.00              6                   340.00              13                  
21			636                 1                   472.00              5                   398.00              23                  
22			636                 1                   388.00              6                   315.00              13                  
23			636                 1                   391.00              6                   320.00              13                  
24			636                 1                   257.00              4                   197.00              13                  
25			636                 1                   544.00              15                  469.00              23                  
26			636                 1                   254.00              4                   198.00              13                  
27			636                 1                   379.00              7                   308.00              13                  
28			636                 1                   253.00              4                   197.00              13                  
29			636                 1                   400.00              8                   330.00              13                  
30			636                 1                   720.00              32                  646.00              23                  
31			636                 1                   347.00              7                   281.00              13                  
32			636                 1                   467.00              6                   388.00              23                  
33			636                 1                   502.00              6                   424.00              23                  
34			636                 1                   507.00              8                   430.00              23                  
35			-1                  -1                  -1                  -1                  -1                  -1                  
36			636                 1                   459.00              4                   384.00              23                  
37			636                 1                   469.00              5                   393.00              23                  
38			-1                  -1                  -1                  -1                  -1                  -1                  
39			636                 1                   345.00              6                   281.00              13                  
40			636                 1                   470.00              4                   392.00              23                  
41			636                 1                   403.00              7                   329.00              13                  
42			636                 1                   1049.00             58                  969.00              54                  
43			636                 1                   397.00              7                   328.00              13                  
44			636                 1                   850.00              44                  780.00              34                  
45			636                 1                   393.00              7                   325.00              13                  
46			636                 1                   374.00              6                   306.00              13                  
47			636                 1                   481.00              6                   402.00              23                  
48			636                 1                   367.00              6                   299.00              13                  
49			636                 1                   251.00              4                   196.00              13                  
50			636                 1                   253.00              4                   197.00              13                  
51			636                 1                   380.00              8                   312.00              13                  
52			636                 1                   895.00              46                  821.00              44                  
53			636                 1                   395.00              5                   325.00              13                  
54			636                 2                   478.00              20                  399.00              23                  
55			636                 1                   410.00              8                   338.00              13                  
56			636                 1                   466.00              5                   389.00              23                  
57			636                 1                   492.00              7                   413.00              23                  
58			-1                  -1                  -1                  -1                  -1                  -1                  
59			636                 2                   435.00              11                  365.00              13                  
60			636                 1                   254.00              4                   199.00              13                  
61			636                 1                   360.00              6                   297.00              13                  
62			636                 1                   362.00              5                   296.00              13                  
63			636                 1                   255.00              5                   199.00              13                  
64			636                 1                   359.00              7                   289.00              13                  
65			636                 1                   379.00              8                   310.00              13                  
66			636                 1                   385.00              9                   315.00              13                  
67			636                 1                   402.00              7                   325.00              13                  
68			636                 1                   253.00              4                   197.00              13                  
69			636                 1                   420.00              6                   343.00              13                  
70			636                 1                   351.00              7                   283.00              13                  
71			636                 1                   460.00              5                   387.00              13                  
72			636                 1                   449.00              9                   374.00              13                  
73			636                 1                   443.00              8                   369.00              13                  
74			636                 1                   446.00              8                   370.00              13                  
75			636                 1                   455.00              6                   377.00              13                  
76			636                 1                   478.00              8                   400.00              23                  
77			636                 1                   451.00              9                   375.00              13                  
78			636                 1                   461.00              5                   386.00              13                  
79			636                 1                   419.00              8                   346.00              13                  
80			636                 1                   407.00              8                   334.00              13                  
81			636                 1                   255.00              4                   198.00              13                  
82			636                 1                   256.00              5                   200.00              13                  
83			636                 1                   368.00              4                   296.00              13                  
84			636                 1                   387.00              9                   318.00              13                  
85			636                 1                   258.00              5                   201.00              13                  
86			636                 1                   257.00              5                   200.00              13                  
87			636                 1                   263.00              5                   203.00              13                  
88			636                 1                   259.00              5                   200.00              13                  
89			636                 1                   380.00              7                   312.00              13                  
90			636                 1                   343.00              4                   275.00              13                  
91			636                 1                   356.00              5                   289.00              13                  
92			636                 1                   377.00              5                   307.00              13                  
93			636                 1                   474.00              6                   398.00              23                  
94			636                 1                   477.00              5                   400.00              23                  
95			636                 1                   462.00              7                   385.00              13                  
96			636                 1                   411.00              8                   338.00              13                  
97			636                 1                   408.00              8                   336.00              13                  
98			636                 1                   255.00              5                   200.00              13                  
99			636                 1                   253.00              4                   197.00              13                  
100			636                 1                   255.00              5                   199.00              13                  
101			636                 1                   349.00              6                   281.00              13                  
102			636                 1                   255.00              4                   200.00              13                  
103			636                 1                   350.00              6                   282.00              13                  
104			636                 1                   254.00              4                   200.00              13                  
105			636                 1                   371.00              6                   300.00              13                  
106			636                 1                   345.00              4                   275.00              13                  
107			636                 2                   825.00              45                  743.00              34                  
108			636                 1                   385.00              6                   317.00              13                  
109			636                 1                   256.00              5                   200.00              13                  
110			636                 1                   386.00              7                   315.00              13                  
111			636                 1                   376.00              6                   305.00              13                  
112			636                 2                   1118.00             93                  1033.00             54                  
113			636                 1                   363.00              6                   296.00              13                  
114			636                 1                   916.00              52                  837.00              44                  
115			636                 1                   390.00              9                   321.00              13                  
116			636                 1                   1022.00             49                  940.00              44                  
117			636                 1                   407.00              8                   333.00              13                  
118			636                 1                   404.00              7                   331.00              13                  
119			636                 1                   437.00              4                   362.00              13                  
120			636                 1                   478.00              9                   401.00              23                  
121			636                 1                   659.00              18                  581.00              23                  
122			636                 1                   371.00              4                   300.00              13                  
123			636                 1                   391.00              4                   319.00              13                  
124			636                 1                   255.00              5                   199.00              13                  
125			636                 1                   257.00              5                   197.00              13                  
126			636                 1                   255.00              4                   197.00              13                  
127			636                 1                   255.00              4                   197.00              13                  
128			636                 1                   394.00              7                   324.00              13                  
129			636                 1                   256.00              5                   200.00              13                  
130			636                 1                   258.00              4                   198.00              13                  
131			636                 1                   368.00              6                   298.00              13                  
132			636                 1                   253.00              4                   197.00              13                  
133			636                 1                   895.00              45                  816.00              44                  
134			636                 1                   397.00              5                   326.00              13                  
135			636                 1                   251.00              4                   195.00              13                  
136			636                 1                   393.00              5                   321.00              13                  
137			636                 1                   563.00              15                  489.00              23                  
138			636                 1                   255.00              5                   199.00              13                  
139			636                 1                   380.00              6                   311.00              13                  
140			636                 1                   536.00              15                  459.00              23                  
141			636                 1                   411.00              6                   337.00              13                  
142			636                 1                   401.00              6                   326.00              13                  
143			636                 1                   425.00              6                   351.00              13                  
144			636                 1                   453.00              9                   376.00              13                  
145			636                 1                   405.00              6                   332.00              13                  
146			636                 1                   261.00              5                   200.00              13                  
147			636                 1                   257.00              5                   198.00              13                  
148			636                 1                   258.00              4                   199.00              13                  
149			636                 1                   258.00              5                   202.00              13                  
150			636                 1                   259.00              4                   198.00              13                  
151			636                 1                   257.00              5                   199.00              13                  
152			636                 1                   254.00              4                   200.00              13                  
153			636                 1                   399.00              9                   327.00              13                  
154			636                 1                   556.00              17                  480.00              23                  
155			636                 2                   480.00              15                  402.00              23                  
156			636                 1                   473.00              6                   396.00              23                  
157			636                 1                   253.00              4                   197.00              13                  
158			636                 1                   255.00              5                   201.00              13                  
159			636                 1                   373.00              6                   302.00              13                  
160			636                 1                   358.00              5                   288.00              13                  
161			636                 1                   397.00              8                   326.00              13                  
162			636                 2                   1502.00             77                  1415.00             75                  
163			636                 1                   450.00              7                   374.00              13                  
164			636                 1                   255.00              5                   199.00              13                  
165			636                 1                   551.00              15                  477.00              23                  
166			636                 1                   382.00              6                   312.00              13                  
167			636                 1                   251.00              4                   197.00              13                  
168			636                 1                   345.00              6                   280.00              13                  
169			636                 1                   253.00              5                   197.00              13                  
170			636                 1                   350.00              7                   282.00              13                  
171			636                 1                   254.00              5                   200.00              13                  
172			636                 1                   394.00              4                   323.00              13                  
173			636                 1                   459.00              9                   389.00              13                  
174			636                 1                   255.00              5                   200.00              13                  
175			636                 1                   355.00              6                   286.00              13                  
176			636                 1                   394.00              6                   322.00              13                  
177			636                 1                   551.00              14                  477.00              23                  
178			636                 1                   444.00              5                   366.00              13                  
179			636                 1                   411.00              6                   340.00              13                  
180			636                 1                   477.00              7                   400.00              23                  
181			636                 1                   884.00              46                  806.00              44                  
182			636                 1                   386.00              7                   317.00              13                  
183			636                 1                   257.00              5                   201.00              13                  
184			636                 1                   256.00              5                   201.00              13                  
185			636                 1                   252.00              5                   200.00              13                  
186			636                 1                   254.00              4                   198.00              13                  
187			636                 1                   253.00              5                   197.00              13                  
188			636                 1                   257.00              5                   200.00              13                  
189			636                 1                   253.00              5                   197.00              13                  
190			636                 1                   251.00              4                   194.00              13                  
191			636                 1                   252.00              4                   196.00              13                  
192			636                 1                   254.00              5                   198.00              13                  
193			636                 1                   254.00              4                   198.00              13                  
194			636                 1                   254.00              5                   198.00              13                  
195			636                 1                   370.00              5                   301.00              13                  
196			636                 1                   388.00              6                   322.00              13                  
197			636                 1                   255.00              5                   199.00              13                  
198			636                 1                   391.00              6                   321.00              13                  
199			636                 1                   555.00              16                  478.00              23                  
200			636                 1                   422.00              5                   341.00              13                  
201			636                 1                   367.00              7                   301.00              13                  
202			636                 1                   254.00              4                   197.00              13                  
203			636                 1                   350.00              6                   286.00              13                  
204			636                 1                   254.00              5                   199.00              13                  
205			636                 1                   490.00              5                   414.00              23                  
206			636                 1                   369.00              9                   301.00              13                  
207			636                 1                   368.00              9                   299.00              13                  
208			636                 1                   366.00              8                   298.00              13                  
209			636                 1                   351.00              4                   284.00              13                  
210			636                 1                   365.00              6                   296.00              13                  
211			636                 1                   370.00              7                   303.00              13                  
212			636                 1                   358.00              5                   290.00              13                  
213			636                 1                   351.00              4                   284.00              13                  
214			636                 1                   531.00              9                   456.00              23                  
215			636                 1                   451.00              6                   374.00              13                  
216			636                 1                   482.00              6                   403.00              23                  
217			-1                  -1                  -1                  -1                  -1                  -1                  
218			636                 1                   358.00              6                   290.00              13                  
219			636                 1                   349.00              7                   281.00              13                  
220			636                 1                   365.00              5                   294.00              13                  
221			636                 1                   356.00              5                   288.00              13                  
222			636                 1                   251.00              4                   196.00              13                  
223			636                 1                   388.00              9                   325.00              13                  
224			636                 1                   360.00              6                   292.00              13                  
225			636                 1                   381.00              9                   312.00              13                  
226			636                 1                   387.00              8                   313.00              13                  
227			636                 1                   374.00              6                   304.00              13                  
228			636                 1                   372.00              6                   302.00              13                  
229			636                 2                   458.00              12                  380.00              23                  
230			636                 1                   254.00              4                   200.00              13                  
231			636                 1                   256.00              5                   201.00              13                  
232			636                 1                   368.00              8                   300.00              13                  
233			636                 1                   350.00              6                   286.00              13                  
234			636                 1                   254.00              4                   198.00              13                  
235			636                 1                   257.00              5                   199.00              13                  
236			636                 1                   256.00              4                   200.00              13                  
237			636                 1                   254.00              4                   198.00              13                  
238			636                 1                   258.00              5                   196.00              13                  
239			636                 1                   463.00              5                   386.00              23                  
240			636                 1                   466.00              8                   388.00              23                  
241			636                 1                   466.00              7                   388.00              23                  
242			636                 1                   466.00              6                   386.00              23                  
243			636                 1                   359.00              7                   291.00              13                  
244			636                 1                   359.00              4                   289.00              13                  
245			636                 2                   477.00              20                  401.00              23                  
246			636                 3                   902.00              49                  816.00              34                  
247			636                 1                   413.00              8                   345.00              13                  
248			636                 1                   371.00              5                   299.00              13                  
249			636                 1                   415.00              8                   345.00              13                  
250			636                 1                   370.00              6                   301.00              13                  
251			636                 2                   476.00              12                  400.00              23                  
252			636                 0                   320.00              1                   275.00              13                  
253			-1                  -1                  -1                  -1                  -1                  -1                  
254			636                 1                   255.00              5                   200.00              13                  
255			636                 1                   253.00              4                   198.00              13                  
256			636                 1                   476.00              4                   398.00              23                  
257			-1                  -1                  -1                  -1                  -1                  -1                  
258			636                 1                   395.00              4                   324.00              13                  
259			636                 1                   409.00              5                   335.00              13                  
260			636                 1                   361.00              6                   292.00              13                  
261			636                 1                   254.00              4                   200.00              13                  
262			636                 1                   258.00              5                   199.00              13                  
263			636                 1                   253.00              5                   198.00              13                  
264			636                 1                   255.00              5                   201.00              13                  
265			636                 1                   381.00              8                   318.00              13                  
266			636                 1                   343.00              6                   279.00              13                  
267			636                 1                   253.00              5                   199.00              13                  
268			636                 1                   254.00              4                   200.00              13                  
269			636                 1                   395.00              8                   331.00              13                  
270			636                 1                   386.00              7                   317.00              13                  
271			636                 1                   256.00              5                   201.00              13                  
272			636                 1                   253.00              4                   199.00              13                  
273			636                 1                   251.00              4                   194.00              13                  
274			636                 1                   376.00              5                   307.00              13                  
275			636                 1                   478.00              7                   402.00              23                  
276			636                 1                   531.00              16                  460.00              23                  
277			636                 1                   398.00              7                   326.00              13                  
278			636                 1                   255.00              5                   201.00              13                  
279			636                 1                   366.00              6                   298.00              13                  
280			636                 1                   393.00              7                   322.00              13                  
281			636                 1                   352.00              6                   283.00              13                  
282			636                 1                   352.00              6                   284.00              13                  
283			636                 1                   384.00              8                   315.00              13                  
284			636                 1                   353.00              6                   288.00              13                  
285			636                 1                   255.00              5                   201.00              13                  
286			636                 1                   392.00              5                   321.00              13                  
287			636                 1                   555.00              16                  483.00              23                  
288			636                 1                   340.00              4                   275.00              13                  
289			636                 1                   376.00              7                   302.00              13                  
290			636                 1                   418.00              9                   347.00              13                  
291			636                 1                   418.00              8                   344.00              13                  
292			636                 1                   419.00              8                   346.00              13                  
293			636                 1                   404.00              5                   328.00              13                  
294			636                 1                   376.00              7                   302.00              13                  
295			636                 1                   511.00              13                  436.00              23                  
296			636                 1                   350.00              7                   280.00              13                  
297			636                 1                   410.00              6                   337.00              13                  
298			636                 1                   409.00              6                   335.00              13                  
299			636                 1                   255.00              5                   199.00              13                  
300			636                 1                   356.00              5                   288.00              13                  
301			636                 1                   420.00              6                   343.00              13                  
302			636                 1                   256.00              4                   196.00              13                  
303			636                 1                   885.00              45                  810.00              44                  
304			636                 1                   392.00              5                   322.00              13                  
305			636                 1                   253.00              5                   198.00              13                  
306			636                 1                   375.00              7                   304.00              13                  
307			636                 1                   253.00              4                   197.00              13                  
308			636                 1                   254.00              4                   198.00              13                  
309			636                 1                   361.00              6                   295.00              13                  
310			636                 1                   422.00              5                   349.00              13                  
311			636                 1                   409.00              7                   336.00              13                  
312			636                 1                   635.00              27                  559.00              23                  
313			636                 1                   253.00              4                   199.00              13                  
314			636                 1                   263.00              5                   201.00              13                  
315			636                 1                   261.00              5                   199.00              13                  
316			636                 1                   260.00              5                   201.00              13                  
317			636                 1                   257.00              4                   198.00              13                  
318			636                 1                   259.00              4                   197.00              13                  
319			636                 1                   370.00              6                   299.00              13                  
320			636                 1                   369.00              7                   301.00              13                  
321			636                 1                   368.00              6                   298.00              13                  
322			636                 1                   370.00              6                   303.00              13                  
323			636                 1                   365.00              9                   297.00              13                  
324			636                 1                   342.00              4                   274.00              13                  
325			636                 1                   350.00              6                   280.00              13                  
326			636                 1                   255.00              4                   195.00              13                  
327			636                 1                   255.00              5                   200.00              13                  
328			636                 1                   369.00              7                   300.00              13                  
329			636                 1                   257.00              4                   201.00              13                  
330			636                 1                   251.00              4                   195.00              13                  
331			636                 2                   486.00              16                  408.00              23                  
332			636                 1                   468.00              6                   393.00              13                  
333			636                 1                   255.00              5                   201.00              13                  
334			636                 1                   256.00              5                   200.00              13                  
335			636                 1                   256.00              5                   200.00              13                  
336			-1                  -1                  -1                  -1                  -1                  -1                  
337			636                 1                   469.00              4                   391.00              23                  
338			636                 2                   606.00              20                  522.00              23                  
339			636                 1                   450.00              8                   375.00              13                  
340			636                 1                   443.00              6                   366.00              13                  
341			636                 1                   374.00              6                   308.00              13                  
342			636                 1                   348.00              6                   285.00              13                  
343			636                 1                   254.00              4                   200.00              13                  
344			636                 1                   535.00              8                   460.00              23                  
345			636                 1                   535.00              10                  458.00              23                  
346			636                 1                   452.00              7                   374.00              13                  
347			636                 1                   349.00              6                   283.00              13                  
348			636                 1                   404.00              9                   331.00              13                  
349			636                 1                   563.00              17                  486.00              23                  
350			636                 1                   375.00              7                   303.00              13                  
351			636                 1                   390.00              4                   320.00              13                  
352			636                 1                   253.00              5                   198.00              13                  
353			636                 1                   361.00              6                   292.00              13                  
354			636                 1                   377.00              6                   308.00              13                  
355			636                 1                   506.00              8                   432.00              23                  
356			636                 1                   1118.00             30                  1035.00             34                  
357			636                 1                   697.00              16                  618.00              23                  
